# # k, P(k),P(k)-shotnoise, Nmodes
8.899641224696953554e-03 5.047252047178312205e+04 5.041849812446675060e+04 2.600000000000000000e+01
1.507912216506558135e-02 8.224150556017008785e+04 8.218748321285372367e+04 6.600000000000000000e+01
2.144790186456837014e-02 7.291002958659379510e+04 7.285600723927743093e+04 1.580000000000000000e+02
2.792609073416789378e-02 6.564353892741656455e+04 6.558951658010020037e+04 2.400000000000000000e+02
3.439458802618463457e-02 5.321226064765491174e+04 5.315823830033854028e+04 4.040000000000000000e+02
4.063552503253392567e-02 4.396416035854227812e+04 4.391013801122590667e+04 4.920000000000000000e+02
4.685273545737825979e-02 3.858733738774565427e+04 3.853331504042928282e+04 7.160000000000000000e+02
5.308225101765943338e-02 3.635163493205310806e+04 3.629761258473673661e+04 8.660000000000000000e+02
5.947086026992840641e-02 3.532815046746176813e+04 3.527412812014539668e+04 1.176000000000000000e+03
6.579000890571343185e-02 3.286056482120876899e+04 3.280654247389239754e+04 1.358000000000000000e+03
7.197688940286899040e-02 3.009314292541416580e+04 3.003912057809779435e+04 1.620000000000000000e+03
7.827860915688306109e-02 2.849484684230437779e+04 2.844082449498800634e+04 1.970000000000000000e+03
8.473402853143152669e-02 2.508014711391806122e+04 2.502612476660168977e+04 2.388000000000000000e+03
9.114995057719250948e-02 2.299258121663411293e+04 2.293855886931774148e+04 2.642000000000000000e+03
9.733441570868076043e-02 2.141514713007205137e+04 2.136112478275567992e+04 2.948000000000000000e+03
1.034823507189909925e-01 2.008374719915302921e+04 2.002972485183665776e+04 3.312000000000000000e+03
1.097621497737264751e-01 1.867842013344472434e+04 1.862439778612835289e+04 3.920000000000000000e+03
1.161502569114246236e-01 1.781662564925651532e+04 1.776260330194014387e+04 4.368000000000000000e+03
1.224511299792719610e-01 1.691257771057983700e+04 1.685855536326346555e+04 4.706000000000000000e+03
1.287146397216415161e-01 1.661463887211213296e+04 1.656061652479576151e+04 5.312000000000000000e+03
1.349787624209431713e-01 1.628616891385517374e+04 1.623214656653880411e+04 5.712000000000000000e+03
1.412227094847550990e-01 1.527491236160981680e+04 1.522089001429344717e+04 6.380000000000000000e+03
1.475340300674937433e-01 1.464484529935490900e+04 1.459082295203853937e+04 6.966000000000000000e+03
1.538209950420127425e-01 1.382749812251629919e+04 1.377347577519992956e+04 7.448000000000000000e+03
1.600939799861342827e-01 1.369120668706952893e+04 1.363718433975315929e+04 8.252000000000000000e+03
1.664990542498203663e-01 1.310937069821113619e+04 1.305534835089476655e+04 9.032000000000000000e+03
1.728174132941030505e-01 1.285049246623927138e+04 1.279647011892290175e+04 9.454000000000000000e+03
1.789853057753862942e-01 1.230918122805964776e+04 1.225515888074327813e+04 9.842000000000000000e+03
1.852733873177464519e-01 1.222352040225204655e+04 1.216949805493567692e+04 1.128200000000000000e+04
1.915389716053957636e-01 1.164535646067355265e+04 1.159133411335718301e+04 1.131800000000000000e+04
1.978093968968032412e-01 1.135047276296319433e+04 1.129645041564682469e+04 1.268400000000000000e+04
2.041363739541903199e-01 1.146425697781952294e+04 1.141023463050315331e+04 1.328000000000000000e+04
2.104329801156032687e-01 1.100705265994090405e+04 1.095303031262453442e+04 1.408200000000000000e+04
2.167445339963977868e-01 1.071884935499637322e+04 1.066482700768000359e+04 1.513400000000000000e+04
2.230182219099299812e-01 1.048652785327260790e+04 1.043250550595623827e+04 1.561200000000000000e+04
2.292666160073620063e-01 1.026555366493524889e+04 1.021153131761887926e+04 1.673000000000000000e+04
2.355414553524693422e-01 1.024717595797192917e+04 1.019315361065555953e+04 1.765200000000000000e+04
2.418784335992887613e-01 9.951733500932687093e+03 9.897711153616317461e+03 1.889000000000000000e+04
2.481481271052154158e-01 9.815745529332572914e+03 9.761723182016203282e+03 1.929800000000000000e+04
2.543650879168818379e-01 9.530206200798804275e+03 9.476183853482434643e+03 2.047000000000000000e+04
2.606536864982170187e-01 9.619219795137447363e+03 9.565197447821077731e+03 2.174800000000000000e+04
2.669516384221341521e-01 9.495063092342526943e+03 9.441040745026157310e+03 2.269000000000000000e+04
2.732605699623428253e-01 9.276712820006800030e+03 9.222690472690430397e+03 2.392000000000000000e+04
2.796050098145749785e-01 9.211202040032456352e+03 9.157179692716086720e+03 2.524600000000000000e+04
2.858914879318384394e-01 9.037285819289485516e+03 8.983263471973115884e+03 2.568400000000000000e+04
2.920995948224677785e-01 8.961963184482197903e+03 8.907940837165828270e+03 2.681600000000000000e+04
2.983507476243664192e-01 8.971031002070098111e+03 8.917008654753728479e+03 2.844000000000000000e+04
3.046505408519667446e-01 8.726937281276947033e+03 8.672914933960577400e+03 2.953800000000000000e+04
3.109471038444538982e-01 8.670782386308008427e+03 8.616760038991638794e+03 3.094400000000000000e+04
3.172476750734718465e-01 8.644452610781412659e+03 8.590430263465043026e+03 3.198000000000000000e+04
3.235400448401911655e-01 8.573570051099333796e+03 8.519547703782964163e+03 3.352600000000000000e+04
3.298240459879566155e-01 8.409785071823540420e+03 8.355762724507170788e+03 3.446400000000000000e+04
3.361484519828671913e-01 8.324759720196379931e+03 8.270737372880010298e+03 3.651400000000000000e+04
3.424245328606954630e-01 8.199585323177954706e+03 8.145562975861585073e+03 3.675800000000000000e+04
3.486779824429606656e-01 8.223555802530929213e+03 8.169533455214559581e+03 3.881000000000000000e+04
3.549863988041813134e-01 8.109941952288126231e+03 8.055919604971756598e+03 4.041000000000000000e+04
3.612333738091870750e-01 8.020101225559347768e+03 7.966078878242978135e+03 4.071400000000000000e+04
3.675042092955584372e-01 8.012545256140786478e+03 7.958522908824416845e+03 4.367000000000000000e+04
3.737994570270907757e-01 8.003417631678124962e+03 7.949395284361755330e+03 4.398600000000000000e+04
3.800864636623462745e-01 7.945780875168345119e+03 7.891758527851975487e+03 4.642800000000000000e+04
3.863718149601460539e-01 7.784524894027114897e+03 7.730502546710745264e+03 4.723600000000000000e+04
3.926652062093009543e-01 7.669744256123860396e+03 7.615721908807490763e+03 4.938600000000000000e+04
3.989690954083237040e-01 7.742961295638078809e+03 7.688938948321709177e+03 5.079600000000000000e+04
4.052314429539636831e-01 7.625150416920087991e+03 7.571128069603718359e+03 5.174000000000000000e+04
4.115238727386639761e-01 7.730955508650603406e+03 7.676933161334233773e+03 5.460200000000000000e+04
4.178033403078543762e-01 7.511961844189943804e+03 7.457939496873574171e+03 5.484400000000000000e+04
4.240515472996450597e-01 7.534790524780193664e+03 7.480768177463824031e+03 5.723200000000000000e+04
4.303677505012359350e-01 7.518450904385479589e+03 7.464428557069109957e+03 5.964800000000000000e+04
4.366726307806358953e-01 7.383473374834718925e+03 7.329451027518349292e+03 6.038400000000000000e+04
4.429228297480427012e-01 7.500817592130207231e+03 7.446795244813837598e+03 6.217000000000000000e+04
4.491736915552866916e-01 7.383647621286672802e+03 7.329625273970303169e+03 6.383200000000000000e+04
4.554569188183393291e-01 7.355039580490767548e+03 7.301017233174397916e+03 6.627200000000000000e+04
4.617788911268420060e-01 7.344217294672765092e+03 7.290194947356395460e+03 6.860400000000000000e+04
4.680995906845802912e-01 7.281391771166853687e+03 7.227369423850484054e+03 6.982400000000000000e+04
4.743866829976556287e-01 7.352347917942166532e+03 7.298325570625796900e+03 7.159800000000000000e+04
4.806701266904181979e-01 7.231839314926380212e+03 7.177816967610010579e+03 7.363400000000000000e+04
4.869464029839004060e-01 7.215345708613256647e+03 7.161323361296887015e+03 7.514600000000000000e+04
4.932051255392171929e-01 7.117988848335992770e+03 7.063966501019623138e+03 7.732800000000000000e+04
4.994696626648479909e-01 7.140046844044548379e+03 7.086024496728178747e+03 7.884800000000000000e+04
5.057193073175597631e-01 7.068764511609896545e+03 7.014742164293526912e+03 8.116400000000000000e+04
5.119989495044070527e-01 7.037196122821769677e+03 6.983173775505400044e+03 8.364400000000000000e+04
5.183159826466314790e-01 7.026368471558489546e+03 6.972346124242119913e+03 8.615600000000000000e+04
5.246107092885408107e-01 7.001797892942385261e+03 6.947775545626015628e+03 8.741000000000000000e+04
5.308819677746196009e-01 7.018508222107905567e+03 6.964485874791535934e+03 8.933800000000000000e+04
5.371663275127862569e-01 6.931022993767776825e+03 6.877000646451407192e+03 9.246200000000000000e+04
5.434900758720350167e-01 6.912639856481371680e+03 6.858617509165002048e+03 9.450400000000000000e+04
5.497699542502575420e-01 6.945074900362512381e+03 6.891052553046142748e+03 9.565800000000000000e+04
5.560083363989032357e-01 6.896075760891147183e+03 6.842053413574777551e+03 9.759800000000000000e+04
5.623114537777685884e-01 6.868262945598983606e+03 6.814240598282613973e+03 1.019620000000000000e+05
5.686318313430648308e-01 6.780246025685299173e+03 6.726223678368929541e+03 1.029860000000000000e+05
5.748997298340194906e-01 6.773195137409106792e+03 6.719172790092737159e+03 1.044280000000000000e+05
5.811784316152807106e-01 6.768801455604348121e+03 6.714779108287978488e+03 1.082760000000000000e+05
5.874623501555152894e-01 6.779500692768890076e+03 6.725478345452520443e+03 1.091300000000000000e+05
5.937358705487374433e-01 6.718294835375721959e+03 6.664272488059352327e+03 1.124920000000000000e+05
6.000132321575981642e-01 6.734274133669882758e+03 6.680251786353513126e+03 1.142380000000000000e+05
6.062764279011477742e-01 6.742879561480855045e+03 6.688857214164485413e+03 1.165200000000000000e+05
6.125579126729602253e-01 6.642237880479035994e+03 6.588215533162666361e+03 1.198680000000000000e+05
6.188758883571132685e-01 6.664144970530416686e+03 6.610122623214047053e+03 1.227600000000000000e+05
6.251574688191492424e-01 6.620494137960720764e+03 6.566471790644351131e+03 1.235740000000000000e+05
6.314078328527679140e-01 6.608075015769010861e+03 6.554052668452641228e+03 1.265060000000000000e+05
6.377090179731219610e-01 6.576251680005795606e+03 6.522229332689425974e+03 1.303720000000000000e+05
6.440064460832264359e-01 6.515597595213505883e+03 6.461575247897136251e+03 1.318120000000000000e+05
6.502830651582106603e-01 6.572434120206101397e+03 6.518411772889731765e+03 1.344920000000000000e+05
6.565805265356863263e-01 6.545836905454746557e+03 6.491814558138376924e+03 1.379620000000000000e+05
6.628599596871522781e-01 6.529927881323066686e+03 6.475905534006697053e+03 1.390120000000000000e+05
6.691298853551562731e-01 6.515133833929176944e+03 6.461111486612807312e+03 1.425480000000000000e+05
6.754222718254296876e-01 6.458977810039935321e+03 6.404955462723565688e+03 1.458880000000000000e+05
6.816939054591842906e-01 6.462822649842411920e+03 6.408800302526042287e+03 1.465620000000000000e+05
6.879709791718701117e-01 6.473724874039116912e+03 6.419702526722747280e+03 1.517500000000000000e+05
6.942614105711022443e-01 6.427653734219771650e+03 6.373631386903402017e+03 1.526260000000000000e+05
7.005365424756659909e-01 6.413349691681333752e+03 6.359327344364964119e+03 1.565860000000000000e+05
7.068233029523925959e-01 6.405421704066271559e+03 6.351399356749901926e+03 1.590780000000000000e+05
7.131225830129004351e-01 6.406971009028855406e+03 6.352948661712485773e+03 1.622900000000000000e+05
7.194106404935602939e-01 6.390397721664635355e+03 6.336375374348265723e+03 1.647700000000000000e+05
7.256916467573152341e-01 6.371446525573749568e+03 6.317424178257379936e+03 1.674660000000000000e+05
7.319862263035085137e-01 6.332050414856076713e+03 6.278028067539707081e+03 1.713680000000000000e+05
7.382778109483263407e-01 6.321019411307321207e+03 6.266997063990951574e+03 1.730960000000000000e+05
7.445474719729404667e-01 6.327398684592229074e+03 6.273376337275859441e+03 1.760120000000000000e+05
7.508031991267573035e-01 6.278981433134654253e+03 6.224959085818284620e+03 1.785720000000000000e+05
7.570835243855718044e-01 6.271087232193621276e+03 6.217064884877251643e+03 1.828740000000000000e+05
7.633725915964089115e-01 6.244246020340806353e+03 6.190223673024436721e+03 1.855560000000000000e+05
7.696559165320593365e-01 6.270323722183170503e+03 6.216301374866800870e+03 1.883800000000000000e+05
7.759472068200509165e-01 6.248380010060634049e+03 6.194357662744264417e+03 1.923620000000000000e+05
7.822420857509159164e-01 6.228379299122687371e+03 6.174356951806317738e+03 1.948920000000000000e+05
7.885501419914293653e-01 6.208497054267419117e+03 6.154474706951049484e+03 1.992240000000000000e+05
7.948038474963337041e-01 6.198161004100577884e+03 6.144138656784208251e+03 1.980620000000000000e+05
8.010520907109800470e-01 6.135981781927169322e+03 6.081959434610799690e+03 2.048760000000000000e+05
8.073556460726576400e-01 6.138486870369128155e+03 6.084464523052758523e+03 2.082080000000000000e+05
8.136472652876408640e-01 6.142034599703224558e+03 6.088012252386854925e+03 2.106380000000000000e+05
8.199328051877485812e-01 6.125060466146802355e+03 6.071038118830432722e+03 2.141460000000000000e+05
8.262092250684122119e-01 6.082635190951741606e+03 6.028612843635371974e+03 2.167700000000000000e+05
8.325052758042271739e-01 6.094539412413140781e+03 6.040517065096771148e+03 2.218980000000000000e+05
8.388116654351844836e-01 6.064590790580610701e+03 6.010568443264241068e+03 2.244000000000000000e+05
8.450849103364239667e-01 6.054721902606567710e+03 6.000699555290198077e+03 2.263060000000000000e+05
8.513462727474617742e-01 6.029009554394529005e+03 5.974987207078159372e+03 2.298240000000000000e+05
8.576284146508676987e-01 6.039829372552429049e+03 5.985807025236059417e+03 2.351900000000000000e+05
8.639203271423162578e-01 6.016447210092436762e+03 5.962424862776067130e+03 2.369960000000000000e+05
8.702001278720664645e-01 6.020697071358786161e+03 5.966674724042416528e+03 2.415680000000000000e+05
8.764772930847268828e-01 6.038342595859738140e+03 5.984320248543368507e+03 2.433340000000000000e+05
8.827715178895144676e-01 6.001464055662236206e+03 5.947441708345866573e+03 2.500580000000000000e+05
8.890536686845070813e-01 5.973141473126207529e+03 5.919119125809837897e+03 2.498260000000000000e+05
8.953222746762443673e-01 5.976332299430521743e+03 5.922309952114152111e+03 2.554020000000000000e+05
9.016064535102598088e-01 5.985066458949034313e+03 5.931044111632664681e+03 2.588880000000000000e+05
9.078934899700541461e-01 5.984182763441448515e+03 5.930160416125078882e+03 2.622400000000000000e+05
9.141879395382898066e-01 5.955102160213042225e+03 5.901079812896672593e+03 2.673220000000000000e+05
9.204870069999977478e-01 5.964692887505566432e+03 5.910670540189196799e+03 2.697820000000000000e+05
9.267634485314798498e-01 5.906346319436808699e+03 5.852323972120439066e+03 2.725480000000000000e+05
9.330398908859652840e-01 5.873230994963569174e+03 5.819208647647199541e+03 2.775220000000000000e+05
9.393419790538620751e-01 5.923144671684345667e+03 5.869122324367976034e+03 2.819920000000000000e+05
9.456138811139273015e-01 5.863104312108717750e+03 5.809081964792348117e+03 2.827100000000000000e+05
9.518752143586322045e-01 5.876802673191885333e+03 5.822780325875515700e+03 2.881620000000000000e+05
9.581565932480536896e-01 5.862417379674014228e+03 5.808395032357644595e+03 2.922500000000000000e+05
9.644556692432024736e-01 5.845432494172848237e+03 5.791410146856478605e+03 2.976780000000000000e+05
9.707473583964632002e-01 5.843814827613722628e+03 5.789792480297352995e+03 2.990500000000000000e+05
9.770167227541187716e-01 5.840406055738963914e+03 5.786383708422594282e+03 3.035940000000000000e+05
9.832935359933105968e-01 5.827018189799005086e+03 5.772995842482635453e+03 3.072180000000000000e+05
9.895688562506220753e-01 5.817528881621708024e+03 5.763506534305338391e+03 3.115520000000000000e+05
9.958591531227547478e-01 5.806265164006342275e+03 5.752242816689972642e+03 3.166400000000000000e+05
1.002144834684193242e+00 5.785849769954271324e+03 5.731827422637901691e+03 3.188100000000000000e+05
1.008417393835248532e+00 5.766539482627427788e+03 5.712517135311058155e+03 3.236140000000000000e+05
1.014706927655060875e+00 5.761241182858700085e+03 5.707218835542330453e+03 3.281640000000000000e+05
1.020995821536768045e+00 5.748893278414907400e+03 5.694870931098537767e+03 3.322980000000000000e+05
1.027277321758624629e+00 5.741185282210514742e+03 5.687162934894145110e+03 3.352360000000000000e+05
1.033577629488106275e+00 5.741503560243053471e+03 5.687481212926683838e+03 3.423460000000000000e+05
1.039864888978200064e+00 5.718314745646241136e+03 5.664292398329871503e+03 3.426120000000000000e+05
1.046131543025751398e+00 5.725891919873712141e+03 5.671869572557342508e+03 3.478080000000000000e+05
1.052408295901959612e+00 5.692162933019108095e+03 5.638140585702738463e+03 3.527840000000000000e+05
1.058689459756216866e+00 5.678813064297281926e+03 5.624790716980912293e+03 3.560160000000000000e+05
1.064973476309879485e+00 5.666172311910021563e+03 5.612149964593651930e+03 3.617640000000000000e+05
1.071260228414355753e+00 5.655407430656559882e+03 5.601385083340190249e+03 3.652380000000000000e+05
1.077547506273993205e+00 5.664500354269043783e+03 5.610478006952674150e+03 3.698500000000000000e+05
1.083834594251098959e+00 5.637459094841674414e+03 5.583436747525304781e+03 3.744400000000000000e+05
1.090123338753580029e+00 5.641794257150830163e+03 5.587771909834460530e+03 3.779460000000000000e+05
1.096402047628067811e+00 5.613888554013076828e+03 5.559866206696707195e+03 3.828480000000000000e+05
1.102686734177269923e+00 5.597899387934637161e+03 5.543877040618267529e+03 3.870080000000000000e+05
1.108974905272321010e+00 5.589681042367409646e+03 5.535658695051040013e+03 3.918200000000000000e+05
1.115240505002667248e+00 5.575529036483298114e+03 5.521506689166928481e+03 3.936120000000000000e+05
1.121510968507875017e+00 5.578742441739468632e+03 5.524720094423098999e+03 4.007140000000000000e+05
1.127801000874616433e+00 5.556549047883158892e+03 5.502526700566789259e+03 4.057940000000000000e+05
1.134097027651290723e+00 5.550227385554484499e+03 5.496205038238114867e+03 4.099040000000000000e+05
1.140372932967484543e+00 5.555692809415677402e+03 5.501670462099307770e+03 4.124720000000000000e+05
1.146644399550673876e+00 5.535626112511959946e+03 5.481603765195590313e+03 4.185640000000000000e+05
1.152943533572619028e+00 5.515275234865844141e+03 5.461252887549474508e+03 4.250340000000000000e+05
1.159234629937837324e+00 5.514945093610242111e+03 5.460922746293872478e+03 4.270920000000000000e+05
1.165519427699577504e+00 5.496052391166322195e+03 5.442030043849952563e+03 4.331780000000000000e+05
1.171801113533186500e+00 5.500334804730458018e+03 5.446312457414088385e+03 4.360040000000000000e+05
1.178090415441370498e+00 5.494526115620190467e+03 5.440503768303820834e+03 4.439880000000000000e+05
1.184382922568056218e+00 5.477354014329605889e+03 5.423331667013236256e+03 4.453300000000000000e+05
1.190653318049772258e+00 5.455564293483449546e+03 5.401541946167079914e+03 4.508360000000000000e+05
1.196918726837574054e+00 5.440156960521203473e+03 5.386134613204833840e+03 4.537220000000000000e+05
1.203203941861949566e+00 5.450333639511087313e+03 5.396311292194717680e+03 4.634540000000000000e+05
1.209492404352916051e+00 5.425127225434338470e+03 5.371104878117968838e+03 4.638000000000000000e+05
1.215771355333522763e+00 5.409177125409407381e+03 5.355154778093037748e+03 4.715780000000000000e+05
1.222064664468862416e+00 5.406202570665092026e+03 5.352180223348722393e+03 4.760860000000000000e+05
1.228353922954420918e+00 5.398663486936846311e+03 5.344641139620476679e+03 4.800280000000000000e+05
1.234638470013954770e+00 5.379445987329065247e+03 5.325423640012695614e+03 4.861600000000000000e+05
1.240913261509356103e+00 5.367403656429351940e+03 5.313381309112982308e+03 4.877540000000000000e+05
1.247188250643475937e+00 5.345587754765270802e+03 5.291565407448901169e+03 4.961340000000000000e+05
1.253473069443996613e+00 5.338512357068367237e+03 5.284490009751997604e+03 4.994820000000000000e+05
1.259761898162141902e+00 5.349463341706929896e+03 5.295440994390560263e+03 5.065000000000000000e+05
1.266044124118156144e+00 5.343756096401192735e+03 5.289733749084823103e+03 5.091880000000000000e+05
1.272325893222376436e+00 5.320586127234792002e+03 5.266563779918422370e+03 5.154900000000000000e+05
1.278614164208257353e+00 5.298903234085004442e+03 5.244880886768634809e+03 5.212680000000000000e+05
1.284892611208029889e+00 5.306533779606802455e+03 5.252511432290432822e+03 5.238700000000000000e+05
1.291183645279231351e+00 5.289599723932840789e+03 5.235577376616471156e+03 5.336400000000000000e+05
1.297481503837926153e+00 5.281145180984686704e+03 5.227122833668317071e+03 5.355220000000000000e+05
1.303753723784867535e+00 5.270324867116885798e+03 5.216302519800516166e+03 5.391000000000000000e+05
1.310018983865986586e+00 5.252064813948397386e+03 5.198042466632027754e+03 5.455720000000000000e+05
1.316308510930670250e+00 5.229558003023688798e+03 5.175535655707319165e+03 5.530760000000000000e+05
1.322598362398576421e+00 5.235313232756085199e+03 5.181290885439715566e+03 5.564880000000000000e+05
1.328872053478450166e+00 5.234078730463357715e+03 5.180056383146988082e+03 5.606140000000000000e+05
1.335152188378053495e+00 5.211312951299321867e+03 5.157290603982952234e+03 5.684260000000000000e+05
1.341449661995184561e+00 5.199491404864700598e+03 5.145469057548330966e+03 5.746600000000000000e+05
1.347738927854007729e+00 5.215947748305247842e+03 5.161925400988878209e+03 5.770720000000000000e+05
1.354008700766087481e+00 5.201565114817956783e+03 5.147542767501587150e+03 5.822700000000000000e+05
1.360289660314967009e+00 5.181839127100791302e+03 5.127816779784421669e+03 5.901560000000000000e+05
1.366572251586567699e+00 5.170468504964555905e+03 5.116446157648186272e+03 5.928000000000000000e+05
1.372860453050388063e+00 5.153789370979650812e+03 5.099767023663281179e+03 6.027740000000000000e+05
1.379145023090685429e+00 5.156832616477685406e+03 5.102810269161315773e+03 6.026980000000000000e+05
1.385414535762269361e+00 5.146409896358323749e+03 5.092387549041954117e+03 6.111620000000000000e+05
1.391706524900663045e+00 5.131961182895054662e+03 5.077938835578685030e+03 6.180140000000000000e+05
1.397995531958892590e+00 5.110156290135384552e+03 5.056133942819014919e+03 6.215880000000000000e+05
1.404274192284941769e+00 5.108523104018802769e+03 5.054500756702433137e+03 6.277440000000000000e+05
1.410561555672766865e+00 5.087406365753457976e+03 5.033384018437088343e+03 6.335400000000000000e+05
1.416846912008939086e+00 5.076494297027812536e+03 5.022471949711442903e+03 6.397320000000000000e+05
1.423125133292065136e+00 5.068755084412566248e+03 5.014732737096196615e+03 6.426020000000000000e+05
1.429404784151020458e+00 5.067524640882666972e+03 5.013502293566297340e+03 6.518900000000000000e+05
1.435691047292837252e+00 5.056384514373163256e+03 5.002362167056793623e+03 6.552160000000000000e+05
1.441980674135391771e+00 5.054760801279917359e+03 5.000738453963547727e+03 6.637680000000000000e+05
1.448270256156670488e+00 5.036744872290552848e+03 4.982722524974183216e+03 6.676260000000000000e+05
1.454546622628224650e+00 5.027873012155778270e+03 4.973850664839408637e+03 6.716420000000000000e+05
1.460820715374602674e+00 5.014946367959852978e+03 4.960924020643483345e+03 6.794060000000000000e+05
1.467116879073512736e+00 5.011526735866022136e+03 4.957504388549652504e+03 6.874520000000000000e+05
1.473402996227505257e+00 4.993158038322389984e+03 4.939135691006020352e+03 6.894720000000000000e+05
1.479676491952220729e+00 4.993815862660725543e+03 4.939793515344355910e+03 6.966860000000000000e+05
1.485967553866846869e+00 4.973481747118416024e+03 4.919459399802046391e+03 7.043380000000000000e+05
1.492246821535899048e+00 4.977750581947534556e+03 4.923728234631164923e+03 7.067400000000000000e+05
1.498509554578234537e+00 4.952320735829578553e+03 4.898298388513208920e+03 7.122360000000000000e+05
1.504789768773060477e+00 4.949732711155915240e+03 4.895710363839545607e+03 7.226580000000000000e+05
1.511081932996167110e+00 4.928816539884171107e+03 4.874794192567801474e+03 7.268980000000000000e+05
1.517368266691215162e+00 4.933804544547220758e+03 4.879782197230851125e+03 7.332820000000000000e+05
1.523654636026075648e+00 4.921911547412263644e+03 4.867889200095894012e+03 7.396640000000000000e+05
1.529943441059384845e+00 4.921776503477661208e+03 4.867754156161291576e+03 7.455940000000000000e+05
1.536239025868725072e+00 4.894463376033470013e+03 4.840441028717100380e+03 7.536480000000000000e+05
1.542520371859912531e+00 4.879535650564756907e+03 4.825513303248387274e+03 7.545420000000000000e+05
1.548788934475642254e+00 4.875335030107950843e+03 4.821312682791581210e+03 7.626580000000000000e+05
1.555076717032853217e+00 4.864522731675210707e+03 4.810500384358841075e+03 7.721700000000000000e+05
1.561367597618051883e+00 4.855898875829308963e+03 4.801876528512939331e+03 7.751460000000000000e+05
1.567640799474913083e+00 4.854569439495057850e+03 4.800547092178688217e+03 7.806720000000000000e+05
1.573918091021587307e+00 4.843481635258218375e+03 4.789459287941848743e+03 7.887520000000000000e+05
1.580208770922777894e+00 4.834105838717827282e+03 4.780083491401457650e+03 7.962340000000000000e+05
1.586494501348699515e+00 4.830401378800037492e+03 4.776379031483667859e+03 8.007500000000000000e+05
1.592767039126987694e+00 4.810763955168546090e+03 4.756741607852176458e+03 8.048100000000000000e+05
1.599052488140243256e+00 4.811264408333736355e+03 4.757242061017366723e+03 8.176280000000000000e+05
1.605347362928585930e+00 4.790249542359715633e+03 4.736227195043346001e+03 8.192580000000000000e+05
1.611624469631112389e+00 4.755040601770077956e+03 4.701018254453708323e+03 8.265800000000000000e+05
1.617906873560414516e+00 4.753111067284216915e+03 4.699088719967847283e+03 8.332260000000000000e+05
1.624193727299755308e+00 4.747539510443930340e+03 4.693517163127560707e+03 8.401780000000000000e+05
1.630471782443348783e+00 4.743890208280350635e+03 4.689867860963981002e+03 8.448300000000000000e+05
1.636760164716084098e+00 4.727585316296772362e+03 4.673562968980402729e+03 8.551300000000000000e+05
1.643043464683600297e+00 4.739120096884933446e+03 4.685097749568563813e+03 8.575060000000000000e+05
1.649316977887778979e+00 4.712477687484588387e+03 4.658455340168218754e+03 8.644800000000000000e+05
1.655599056937107516e+00 4.700646127644198714e+03 4.646623780327829081e+03 8.738480000000000000e+05
1.661884166769115767e+00 4.683879865738126682e+03 4.629857518421757050e+03 8.783400000000000000e+05
1.668176504354522471e+00 4.692886096578168690e+03 4.638863749261799057e+03 8.889200000000000000e+05
1.674458683878514931e+00 4.678845564402105083e+03 4.624823217085735450e+03 8.893580000000000000e+05
1.680728630093367038e+00 4.663522319381212583e+03 4.609499972064842950e+03 8.981800000000000000e+05
1.687019939142594183e+00 4.659800540998091492e+03 4.605778193681721859e+03 9.095840000000000000e+05
1.693318824324689276e+00 4.640997751940882154e+03 4.586975404624512521e+03 9.136000000000000000e+05
1.699588010948696493e+00 4.638841025608416203e+03 4.584818678292046570e+03 9.141300000000000000e+05
1.705865055857039181e+00 4.621243170752020887e+03 4.567220823435651255e+03 9.300560000000000000e+05
1.712165335543606837e+00 4.622020516307276921e+03 4.567998168990907288e+03 9.342660000000000000e+05
1.718451221796237549e+00 4.596330734508616843e+03 4.542308387192247210e+03 9.398780000000000000e+05
1.724725883597690634e+00 4.607791068808711316e+03 4.553768721492341683e+03 9.443780000000000000e+05
1.731001460952539039e+00 4.578311450241926650e+03 4.524289102925557017e+03 9.535880000000000000e+05
1.737293076086154020e+00 4.580983729655273237e+03 4.526961382338903604e+03 9.640360000000000000e+05
1.743575012025098125e+00 4.569591137838980103e+03 4.515568790522610470e+03 9.634900000000000000e+05
1.749853765858601529e+00 4.565115279238723815e+03 4.511092931922354182e+03 9.778260000000000000e+05
1.756139760422475327e+00 4.558081552100495173e+03 4.504059204784125541e+03 9.793740000000000000e+05
1.762418064231706216e+00 4.539092702220572392e+03 4.485070354904202759e+03 9.891060000000000000e+05
1.768704373978918332e+00 4.517731284886118374e+03 4.463708937569748741e+03 9.968660000000000000e+05
1.774989017499519983e+00 4.514377342252037124e+03 4.460354994935667492e+03 1.001708000000000000e+06
1.781271339834514134e+00 4.513469969611722263e+03 4.459447622295352630e+03 1.011292000000000000e+06
1.787557810851539308e+00 4.494118293834917495e+03 4.440095946518547862e+03 1.016394000000000000e+06
1.793844465061326554e+00 4.489098153227149851e+03 4.435075805910780218e+03 1.026530000000000000e+06
1.800123882125254315e+00 4.490987998982207500e+03 4.436965651665837868e+03 1.028166000000000000e+06
1.806399855932671716e+00 4.478230031013617008e+03 4.424207683697247376e+03 1.039020000000000000e+06
1.812677292178102029e+00 4.457652400297768509e+03 4.403630052981398876e+03 1.044114000000000000e+06
1.818962554020154831e+00 4.437043738440829657e+03 4.383021391124460024e+03 1.055160000000000000e+06
1.825254388213496393e+00 4.437538563358459214e+03 4.383516216042089582e+03 1.061910000000000000e+06
1.831535832002544106e+00 4.428582212968464773e+03 4.374559865652095141e+03 1.065538000000000000e+06
1.837815550403961051e+00 4.407845864476188581e+03 4.353823517159818948e+03 1.075850000000000000e+06
1.844109001519104174e+00 4.410994630380234412e+03 4.356972283063864779e+03 1.085614000000000000e+06
1.850394624542057054e+00 4.396403849817988885e+03 4.342381502501619252e+03 1.087722000000000000e+06
1.856670888758223281e+00 4.391905935697724090e+03 4.337883588381354457e+03 1.096876000000000000e+06
1.862955904437998855e+00 4.384314202664028016e+03 4.330291855347658384e+03 1.105496000000000000e+06
1.869239093965251008e+00 4.369188170504290611e+03 4.315165823187920978e+03 1.111720000000000000e+06
1.875524551422873554e+00 4.351429290769482577e+03 4.297406943453112945e+03 1.121280000000000000e+06
1.881807982104247490e+00 4.353563574988922483e+03 4.299541227672552850e+03 1.125186000000000000e+06
1.888084182640285436e+00 4.337950820450984793e+03 4.283928473134615160e+03 1.134232000000000000e+06
1.894359184767357762e+00 4.327730245993132485e+03 4.273707898676762852e+03 1.139920000000000000e+06
1.900652335243679270e+00 4.323838900898971588e+03 4.269816553582601955e+03 1.156084000000000000e+06
1.906941434140952518e+00 4.307672736174671627e+03 4.253650388858301994e+03 1.153348000000000000e+06
1.913211010588978134e+00 4.302891045889867200e+03 4.248868698573497568e+03 1.163962000000000000e+06
1.919497353804973994e+00 4.287245654534244750e+03 4.233223307217875117e+03 1.175698000000000000e+06
1.925784376717101232e+00 4.277388927983198300e+03 4.223366580666828668e+03 1.178618000000000000e+06
1.932070295894139811e+00 4.257421433411710495e+03 4.203399086095340863e+03 1.191414000000000000e+06
1.938347681358776109e+00 4.257300178863045403e+03 4.203277831546675770e+03 1.190388000000000000e+06
1.944622715438230065e+00 4.251502730920592512e+03 4.197480383604222880e+03 1.205992000000000000e+06
1.950912101770938545e+00 4.244868539689792669e+03 4.190846192373423037e+03 1.212094000000000000e+06
1.957200170150135810e+00 4.223867033566990358e+03 4.169844686250620725e+03 1.220074000000000000e+06
1.963483156116985873e+00 4.215285745226215113e+03 4.161263397909845480e+03 1.226826000000000000e+06
1.969764663919415071e+00 4.198421905681146200e+03 4.144399558364776567e+03 1.234274000000000000e+06
1.976058795452903194e+00 4.206341373911771370e+03 4.152319026595401738e+03 1.248286000000000000e+06
1.982347818239277082e+00 4.186990129243880801e+03 4.132967781927511169e+03 1.247764000000000000e+06
1.988621905801704060e+00 4.179493340951494247e+03 4.125470993635124614e+03 1.258144000000000000e+06
1.994901683859673147e+00 4.169102655735319786e+03 4.115080308418950153e+03 1.266462000000000000e+06
2.001185568350352106e+00 4.157168967723980131e+03 4.103146620407610499e+03 1.274682000000000000e+06
2.007463530968069509e+00 4.153493871647251581e+03 4.099471524330881948e+03 1.281282000000000000e+06
2.013743684507833809e+00 4.140915842267598237e+03 4.086893494951228604e+03 1.290814000000000000e+06
2.020026468512655438e+00 4.134794591520809263e+03 4.080772244204439630e+03 1.298642000000000000e+06
2.026317940332479139e+00 4.112482407983605299e+03 4.058460060667235666e+03 1.310514000000000000e+06
2.032605346556254133e+00 4.108447403313397444e+03 4.054425055997027812e+03 1.313348000000000000e+06
2.038876250754864561e+00 4.090583934235794459e+03 4.036561586919424826e+03 1.320124000000000000e+06
2.045156862230546491e+00 4.089478017840440771e+03 4.035455670524071138e+03 1.333076000000000000e+06
2.051450376459333036e+00 4.087795905867359124e+03 4.033773558550989492e+03 1.342160000000000000e+06
2.057735646516794858e+00 4.068920663395557767e+03 4.014898316079188135e+03 1.346470000000000000e+06
2.064019658255301426e+00 4.058997066876655026e+03 4.004974719560285394e+03 1.357668000000000000e+06
2.070309709613492366e+00 4.061307966054611370e+03 4.007285618738241737e+03 1.365808000000000000e+06
2.076598642179291243e+00 4.043830787945292741e+03 3.989808440628923108e+03 1.373258000000000000e+06
2.082870032339927402e+00 4.039281100014058666e+03 3.985258752697689033e+03 1.375392000000000000e+06
2.089134787055322295e+00 4.020668456209439228e+03 3.966646108893069595e+03 1.386994000000000000e+06
2.095425627190938389e+00 4.008103787971701877e+03 3.954081440655332244e+03 1.402688000000000000e+06
2.101711371004562512e+00 4.001827020449643442e+03 3.947804673133273809e+03 1.402456000000000000e+06
2.107989648687532469e+00 3.993310487272385672e+03 3.939288139956016039e+03 1.415562000000000000e+06
2.114274413323816493e+00 3.977857168855003692e+03 3.923834821538634060e+03 1.423152000000000000e+06
2.120557238443375958e+00 3.970704000684118000e+03 3.916681653367748368e+03 1.430474000000000000e+06
2.126845280632974067e+00 3.955917358158861134e+03 3.901895010842491502e+03 1.442654000000000000e+06
2.133128554780450159e+00 3.958930803941111208e+03 3.904908456624741575e+03 1.446292000000000000e+06
2.139412332467919065e+00 3.947523580662407312e+03 3.893501233346037679e+03 1.458674000000000000e+06
2.145698003662099396e+00 3.928000810903464298e+03 3.873978463587094666e+03 1.465518000000000000e+06
2.151977195668531184e+00 3.926308307097406669e+03 3.872285959781037036e+03 1.471640000000000000e+06
2.158263209952423267e+00 3.913759038815487656e+03 3.859736691499118024e+03 1.486868000000000000e+06
2.164552162632372490e+00 3.908698134161295002e+03 3.854675786844925369e+03 1.490076000000000000e+06
2.170839225012531681e+00 3.889863596610163768e+03 3.835841249293794135e+03 1.502730000000000000e+06
2.177120082977427540e+00 3.889473797855773228e+03 3.835451450539403595e+03 1.505460000000000000e+06
2.183393121055990260e+00 3.886504642103356218e+03 3.832482294786986586e+03 1.515192000000000000e+06
2.189672152712972331e+00 3.854248530429439597e+03 3.800226183113069965e+03 1.527176000000000000e+06
2.195961755713628616e+00 3.857748911050864535e+03 3.803726563734494903e+03 1.536762000000000000e+06
2.202246728716700463e+00 3.837072980938253295e+03 3.783050633621883662e+03 1.542760000000000000e+06
2.208524403202436037e+00 3.832531633722737752e+03 3.778509286406368119e+03 1.550958000000000000e+06
2.214806392550185965e+00 3.826845943876869114e+03 3.772823596560499482e+03 1.562242000000000000e+06
2.221097232089587870e+00 3.815034530997942056e+03 3.761012183681572424e+03 1.573636000000000000e+06
2.227379738633999295e+00 3.803271485004370788e+03 3.749249137688001156e+03 1.575424000000000000e+06
2.233661892530534487e+00 3.795854409449284503e+03 3.741832062132914871e+03 1.591318000000000000e+06
2.239944725315571095e+00 3.783445034411146025e+03 3.729422687094776393e+03 1.593836000000000000e+06
2.246225895079906554e+00 3.782644292087967642e+03 3.728621944771598010e+03 1.608032000000000000e+06
2.252509804346050082e+00 3.765490022677282468e+03 3.711467675360912835e+03 1.613848000000000000e+06
2.258786271982848870e+00 3.752999757797831080e+03 3.698977410481461447e+03 1.621344000000000000e+06
2.265071686104545012e+00 3.743239776687677931e+03 3.689217429371308299e+03 1.636986000000000000e+06
2.271353283744287577e+00 3.734199307911572760e+03 3.680176960595203127e+03 1.637896000000000000e+06
2.277641683762936520e+00 3.733826582010666698e+03 3.679804234694297065e+03 1.657744000000000000e+06
2.283930104798850280e+00 3.718589778886904696e+03 3.664567431570535064e+03 1.657162000000000000e+06
2.290207926740317035e+00 3.716498856224680821e+03 3.662476508908311189e+03 1.669282000000000000e+06
2.296494840186173114e+00 3.700033640724287579e+03 3.646011293407917947e+03 1.681784000000000000e+06
2.302772905700670947e+00 3.694461805038078182e+03 3.640439457721708550e+03 1.681712000000000000e+06
2.309052374557129195e+00 3.687878304147357539e+03 3.633855956830987907e+03 1.701460000000000000e+06
2.315343134461879337e+00 3.670489946216185217e+03 3.616467598899815584e+03 1.706278000000000000e+06
2.321633141999085659e+00 3.668603081004229807e+03 3.614580733687860175e+03 1.719040000000000000e+06
2.327916355392010139e+00 3.647405427246691943e+03 3.593383079930322310e+03 1.722426000000000000e+06
2.334190722001127316e+00 3.648351286650410657e+03 3.594328939334041024e+03 1.731242000000000000e+06
2.340473130334892460e+00 3.637660267866562208e+03 3.583637920550192575e+03 1.746678000000000000e+06
2.346761369860457247e+00 3.631897861382962219e+03 3.577875514066592586e+03 1.752724000000000000e+06
2.353047769056515470e+00 3.613223613237717473e+03 3.559201265921347840e+03 1.764314000000000000e+06
2.359330397319757022e+00 3.607043541345780795e+03 3.553021194029411163e+03 1.770156000000000000e+06
2.365605034054369060e+00 3.595809467998415130e+03 3.541787120682045497e+03 1.777436000000000000e+06
2.371891455909768354e+00 3.587418599909726254e+03 3.533396252593356621e+03 1.797104000000000000e+06
2.378179546072414663e+00 3.577837457960597931e+03 3.523815110644228298e+03 1.796398000000000000e+06
2.384457586600779333e+00 3.561388547904883126e+03 3.507366200588513493e+03 1.810884000000000000e+06
2.390743123140302018e+00 3.550025427794428197e+03 3.496003080478058564e+03 1.819896000000000000e+06
2.397020324856477647e+00 3.553546060201767432e+03 3.499523712885397799e+03 1.824020000000000000e+06
2.403297352078177518e+00 3.541724640284521683e+03 3.487702292968152051e+03 1.840406000000000000e+06
