# # k, P(k),P(k)-shotnoise, Nmodes
8.899641224696953554e-03 1.178081626397738728e+04 1.164149002615780955e+04 2.600000000000000000e+01
1.507912216506558135e-02 1.320561315259805815e+04 1.306628691477848042e+04 6.600000000000000000e+01
2.144790186456837014e-02 1.243266662163284673e+04 1.229334038381326900e+04 1.580000000000000000e+02
2.792609073416789378e-02 1.209663292020477274e+04 1.195730668238519502e+04 2.400000000000000000e+02
3.439458802618463457e-02 1.005333292284264280e+04 9.914006685023065074e+03 4.040000000000000000e+02
4.063552503253392567e-02 8.098458268648671037e+03 7.959132030829093310e+03 4.920000000000000000e+02
4.685273545737825979e-02 7.402107762817400726e+03 7.262781524997822999e+03 7.160000000000000000e+02
5.308225101765943338e-02 6.794077211165898916e+03 6.654750973346321189e+03 8.660000000000000000e+02
5.947086026992840641e-02 5.982549998763239273e+03 5.843223760943661546e+03 1.176000000000000000e+03
6.579000890571343185e-02 5.523583903237999039e+03 5.384257665418421311e+03 1.358000000000000000e+03
7.197688940286899040e-02 5.100549988861890597e+03 4.961223751042312870e+03 1.620000000000000000e+03
7.827860915688306109e-02 4.685960284480034716e+03 4.546634046660456988e+03 1.970000000000000000e+03
8.473402853143152669e-02 4.219970705195664777e+03 4.080644467376087050e+03 2.388000000000000000e+03
9.114995057719250948e-02 3.716468092524540225e+03 3.577141854704962498e+03 2.642000000000000000e+03
9.733441570868076043e-02 3.234039416181635715e+03 3.094713178362057988e+03 2.948000000000000000e+03
1.034823507189909925e-01 3.072491252423394599e+03 2.933165014603816871e+03 3.312000000000000000e+03
1.097621497737264751e-01 2.799637619086915947e+03 2.660311381267338220e+03 3.920000000000000000e+03
1.161502569114246236e-01 2.671593761296607227e+03 2.532267523477029499e+03 4.368000000000000000e+03
1.224511299792719610e-01 2.554898107180313218e+03 2.415571869360735491e+03 4.706000000000000000e+03
1.287146397216415161e-01 2.438883118915500290e+03 2.299556881095922563e+03 5.312000000000000000e+03
1.349787624209431713e-01 2.327934703916951548e+03 2.188608466097373821e+03 5.712000000000000000e+03
1.412227094847550990e-01 2.123083755026964809e+03 1.983757517207387082e+03 6.380000000000000000e+03
1.475340300674937433e-01 1.982617417385700719e+03 1.843291179566122992e+03 6.966000000000000000e+03
1.538209950420127425e-01 1.851796549817846881e+03 1.712470311998269153e+03 7.448000000000000000e+03
1.600939799861342827e-01 1.741189613329174790e+03 1.601863375509597063e+03 8.252000000000000000e+03
1.664990542498203663e-01 1.680007862157004865e+03 1.540681624337427138e+03 9.032000000000000000e+03
1.728174132941030505e-01 1.600929331570826434e+03 1.461603093751248707e+03 9.454000000000000000e+03
1.789853057753862942e-01 1.527636970264900356e+03 1.388310732445322628e+03 9.842000000000000000e+03
1.852733873177464519e-01 1.451668236257431772e+03 1.312341998437854045e+03 1.128200000000000000e+04
1.915389716053957636e-01 1.368970172844092303e+03 1.229643935024514576e+03 1.131800000000000000e+04
1.978093968968032412e-01 1.336331405644368715e+03 1.197005167824790988e+03 1.268400000000000000e+04
2.041363739541903199e-01 1.274964545207961237e+03 1.135638307388383510e+03 1.328000000000000000e+04
2.104329801156032687e-01 1.219275433260862201e+03 1.079949195441284473e+03 1.408200000000000000e+04
2.167445339963977868e-01 1.169577823340637678e+03 1.030251585521059951e+03 1.513400000000000000e+04
2.230182219099299812e-01 1.119752854926290865e+03 9.804266171067130244e+02 1.561200000000000000e+04
2.292666160073620063e-01 1.066436600416878491e+03 9.271103625973006501e+02 1.673000000000000000e+04
2.355414553524693422e-01 1.027597955806479376e+03 8.882717179869015354e+02 1.765200000000000000e+04
2.418784335992887613e-01 9.972543928524504508e+02 8.579281550328726098e+02 1.889000000000000000e+04
2.481481271052154158e-01 9.583081288148076737e+02 8.189818909952298327e+02 1.929800000000000000e+04
2.543650879168818379e-01 9.267192803944485604e+02 7.873930425748707194e+02 2.047000000000000000e+04
2.606536864982170187e-01 8.961308545899336195e+02 7.568046167703557785e+02 2.174800000000000000e+04
2.669516384221341521e-01 8.684860675019280052e+02 7.291598296823501641e+02 2.269000000000000000e+04
2.732605699623428253e-01 8.411389120930516583e+02 7.018126742734738173e+02 2.392000000000000000e+04
2.796050098145749785e-01 8.115286311376142976e+02 6.722023933180364565e+02 2.524600000000000000e+04
2.858914879318384394e-01 7.856219325558067794e+02 6.462956947362289384e+02 2.568400000000000000e+04
2.920995948224677785e-01 7.693585833019033089e+02 6.300323454823254679e+02 2.681600000000000000e+04
2.983507476243664192e-01 7.620540227439869341e+02 6.227277849244090930e+02 2.844000000000000000e+04
3.046505408519667446e-01 7.269252560639074545e+02 5.875990182443296135e+02 2.953800000000000000e+04
3.109471038444538982e-01 7.070088159411342303e+02 5.676825781215563893e+02 3.094400000000000000e+04
3.172476750734718465e-01 6.961342783489983503e+02 5.568080405294205093e+02 3.198000000000000000e+04
3.235400448401911655e-01 6.839665201394976748e+02 5.446402823199198338e+02 3.352600000000000000e+04
3.298240459879566155e-01 6.614149793834310458e+02 5.220887415638532048e+02 3.446400000000000000e+04
3.361484519828671913e-01 6.366072147079911474e+02 4.972809768884133064e+02 3.651400000000000000e+04
3.424245328606954630e-01 6.368989827516892319e+02 4.975727449321113909e+02 3.675800000000000000e+04
3.486779824429606656e-01 6.192502421474387120e+02 4.799240043278608709e+02 3.881000000000000000e+04
3.549863988041813134e-01 6.053495329201473396e+02 4.660232951005694986e+02 4.041000000000000000e+04
3.612333738091870750e-01 5.900966695847231449e+02 4.507704317651453039e+02 4.071400000000000000e+04
3.675042092955584372e-01 5.793692601181061264e+02 4.400430222985282853e+02 4.367000000000000000e+04
3.737994570270907757e-01 5.706029088560729861e+02 4.312766710364951450e+02 4.398600000000000000e+04
3.800864636623462745e-01 5.599098167861520778e+02 4.205835789665742368e+02 4.642800000000000000e+04
3.863718149601460539e-01 5.469084256333644589e+02 4.075821878137866179e+02 4.723600000000000000e+04
3.926652062093009543e-01 5.334205329031854035e+02 3.940942950836075624e+02 4.938600000000000000e+04
3.989690954083237040e-01 5.241459749943717270e+02 3.848197371747938860e+02 5.079600000000000000e+04
4.052314429539636831e-01 5.132340472937902405e+02 3.739078094742123994e+02 5.174000000000000000e+04
4.115238727386639761e-01 5.011905515197740897e+02 3.618643137001962486e+02 5.460200000000000000e+04
4.178033403078543762e-01 4.940903041339923334e+02 3.547640663144145492e+02 5.484400000000000000e+04
4.240515472996450597e-01 4.883364941259191028e+02 3.490102563063412617e+02 5.723200000000000000e+04
4.303677505012359350e-01 4.851028951862403460e+02 3.457766573666625618e+02 5.964800000000000000e+04
4.366726307806358953e-01 4.723765713722063424e+02 3.330503335526285582e+02 6.038400000000000000e+04
4.429228297480427012e-01 4.719172505060504363e+02 3.325910126864725953e+02 6.217000000000000000e+04
4.491736915552866916e-01 4.622790021288307685e+02 3.229527643092529843e+02 6.383200000000000000e+04
4.554569188183393291e-01 4.505781185624283012e+02 3.112518807428505170e+02 6.627200000000000000e+04
4.617788911268420060e-01 4.442370284749961797e+02 3.049107906554183955e+02 6.860400000000000000e+04
4.680995906845802912e-01 4.375360342921437677e+02 2.982097964725659267e+02 6.982400000000000000e+04
4.743866829976556287e-01 4.271795043615675809e+02 2.878532665419897967e+02 7.159800000000000000e+04
4.806701266904181979e-01 4.239788462926705392e+02 2.846526084730927550e+02 7.363400000000000000e+04
4.869464029839004060e-01 4.172410568865553273e+02 2.779148190669775431e+02 7.514600000000000000e+04
4.932051255392171929e-01 4.144758757591091580e+02 2.751496379395313170e+02 7.732800000000000000e+04
4.994696626648479909e-01 4.073600440741167290e+02 2.680338062545389448e+02 7.884800000000000000e+04
5.057193073175597631e-01 4.001289131369894108e+02 2.608026753174116266e+02 8.116400000000000000e+04
5.119989495044070527e-01 3.998164660463479549e+02 2.604902282267701139e+02 8.364400000000000000e+04
5.183159826466314790e-01 3.926406071690683461e+02 2.533143693494905335e+02 8.615600000000000000e+04
5.246107092885408107e-01 3.855610086320050414e+02 2.462347708124272287e+02 8.741000000000000000e+04
5.308819677746196009e-01 3.786100526834923699e+02 2.392838148639145572e+02 8.933800000000000000e+04
5.371663275127862569e-01 3.780969373009012884e+02 2.387706994813234758e+02 9.246200000000000000e+04
5.434900758720350167e-01 3.741939708971024174e+02 2.348677330775246048e+02 9.450400000000000000e+04
5.497699542502575420e-01 3.693891556314974309e+02 2.300629178119196183e+02 9.565800000000000000e+04
5.560083363989032357e-01 3.623428222006909891e+02 2.230165843811131765e+02 9.759800000000000000e+04
5.623114537777685884e-01 3.600608112060683084e+02 2.207345733864904957e+02 1.019620000000000000e+05
5.686318313430648308e-01 3.540796373432577298e+02 2.147533995236799171e+02 1.029860000000000000e+05
5.748997298340194906e-01 3.534604038029821140e+02 2.141341659834043014e+02 1.044280000000000000e+05
5.811784316152807106e-01 3.500769045609079626e+02 2.107506667413301500e+02 1.082760000000000000e+05
5.874623501555152894e-01 3.460128976566563210e+02 2.066866598370785084e+02 1.091300000000000000e+05
5.937358705487374433e-01 3.401588565797421779e+02 2.008326187601643653e+02 1.124920000000000000e+05
6.000132321575981642e-01 3.383076283489882599e+02 1.989813905294104472e+02 1.142380000000000000e+05
6.062764279011477742e-01 3.351337811230426382e+02 1.958075433034648256e+02 1.165200000000000000e+05
6.125579126729602253e-01 3.322297844959685449e+02 1.929035466763907323e+02 1.198680000000000000e+05
6.188758883571132685e-01 3.284709548175164286e+02 1.891447169979386160e+02 1.227600000000000000e+05
6.251574688191492424e-01 3.251831970657463557e+02 1.858569592461685431e+02 1.235740000000000000e+05
6.314078328527679140e-01 3.234781542253785460e+02 1.841519164058007334e+02 1.265060000000000000e+05
6.377090179731219610e-01 3.189874524222231003e+02 1.796612146026452876e+02 1.303720000000000000e+05
6.440064460832264359e-01 3.182156326003441791e+02 1.788893947807663665e+02 1.318120000000000000e+05
6.502830651582106603e-01 3.113518766763338590e+02 1.720256388567560464e+02 1.344920000000000000e+05
6.565805265356863263e-01 3.128522541916424302e+02 1.735260163720646176e+02 1.379620000000000000e+05
6.628599596871522781e-01 3.095350421476375118e+02 1.702088043280596992e+02 1.390120000000000000e+05
6.691298853551562731e-01 3.045353681911174704e+02 1.652091303715396577e+02 1.425480000000000000e+05
6.754222718254296876e-01 3.036033773931780502e+02 1.642771395736002376e+02 1.458880000000000000e+05
6.816939054591842906e-01 2.993746155788283545e+02 1.600483777592505419e+02 1.465620000000000000e+05
6.879709791718701117e-01 3.003623487684493512e+02 1.610361109488715385e+02 1.517500000000000000e+05
6.942614105711022443e-01 2.973533816937942902e+02 1.580271438742164776e+02 1.526260000000000000e+05
7.005365424756659909e-01 2.922236303315099235e+02 1.528973925119321109e+02 1.565860000000000000e+05
7.068233029523925959e-01 2.935916255864952973e+02 1.542653877669174847e+02 1.590780000000000000e+05
7.131225830129004351e-01 2.897418937787774098e+02 1.504156559591995972e+02 1.622900000000000000e+05
7.194106404935602939e-01 2.874945471868215350e+02 1.481683093672437224e+02 1.647700000000000000e+05
7.256916467573152341e-01 2.857441895221574555e+02 1.464179517025796429e+02 1.674660000000000000e+05
7.319862263035085137e-01 2.829023001739018355e+02 1.435760623543240229e+02 1.713680000000000000e+05
7.382778109483263407e-01 2.820223330160866908e+02 1.426960951965088782e+02 1.730960000000000000e+05
7.445474719729404667e-01 2.790613990280153871e+02 1.397351612084375745e+02 1.760120000000000000e+05
7.508031991267573035e-01 2.785186136615058672e+02 1.391923758419280546e+02 1.785720000000000000e+05
7.570835243855718044e-01 2.748377531308264565e+02 1.355115153112486439e+02 1.828740000000000000e+05
7.633725915964089115e-01 2.734436656629613367e+02 1.341174278433835241e+02 1.855560000000000000e+05
7.696559165320593365e-01 2.707657887943859123e+02 1.314395509748080997e+02 1.883800000000000000e+05
7.759472068200509165e-01 2.688582794339284874e+02 1.295320416143506748e+02 1.923620000000000000e+05
7.822420857509159164e-01 2.678228651281180532e+02 1.284966273085402406e+02 1.948920000000000000e+05
7.885501419914293653e-01 2.664415008844952126e+02 1.271152630649174000e+02 1.992240000000000000e+05
7.948038474963337041e-01 2.639067100730104016e+02 1.245804722534325890e+02 1.980620000000000000e+05
8.010520907109800470e-01 2.649432440149894887e+02 1.256170061954116761e+02 2.048760000000000000e+05
8.073556460726576400e-01 2.616498097038689252e+02 1.223235718842911126e+02 2.082080000000000000e+05
8.136472652876408640e-01 2.594188919546293732e+02 1.200926541350515606e+02 2.106380000000000000e+05
8.199328051877485812e-01 2.589743306277318879e+02 1.196480928081540753e+02 2.141460000000000000e+05
8.262092250684122119e-01 2.577844407603434433e+02 1.184582029407656307e+02 2.167700000000000000e+05
8.325052758042271739e-01 2.559052554704814213e+02 1.165790176509036087e+02 2.218980000000000000e+05
8.388116654351844836e-01 2.536945692721424166e+02 1.143683314525646040e+02 2.244000000000000000e+05
8.450849103364239667e-01 2.526609887577032509e+02 1.133347509381254383e+02 2.263060000000000000e+05
8.513462727474617742e-01 2.502263324484567306e+02 1.109000946288789180e+02 2.298240000000000000e+05
8.576284146508676987e-01 2.501068138930444889e+02 1.107805760734666762e+02 2.351900000000000000e+05
8.639203271423162578e-01 2.488964586254040796e+02 1.095702208058262670e+02 2.369960000000000000e+05
8.702001278720664645e-01 2.478832442890058019e+02 1.085570064694279893e+02 2.415680000000000000e+05
8.764772930847268828e-01 2.464983783275571341e+02 1.071721405079793215e+02 2.433340000000000000e+05
8.827715178895144676e-01 2.450327508374568595e+02 1.057065130178790469e+02 2.500580000000000000e+05
8.890536686845070813e-01 2.432957991643847322e+02 1.039695613448069196e+02 2.498260000000000000e+05
8.953222746762443673e-01 2.420783329009333329e+02 1.027520950813555203e+02 2.554020000000000000e+05
9.016064535102598088e-01 2.425003219437231792e+02 1.031740841241453666e+02 2.588880000000000000e+05
9.078934899700541461e-01 2.407090564571677760e+02 1.013828186375899634e+02 2.622400000000000000e+05
9.141879395382898066e-01 2.399019744827651266e+02 1.005757366631873140e+02 2.673220000000000000e+05
9.204870069999977478e-01 2.386604741679518327e+02 9.933423634837402005e+01 2.697820000000000000e+05
9.267634485314798498e-01 2.367305322792285551e+02 9.740429445965074251e+01 2.725480000000000000e+05
9.330398908859652840e-01 2.354590648788332601e+02 9.613282705925544747e+01 2.775220000000000000e+05
9.393419790538620751e-01 2.345656003852421634e+02 9.523936256566435077e+01 2.819920000000000000e+05
9.456138811139273015e-01 2.326917153945808536e+02 9.336547757500304101e+01 2.827100000000000000e+05
9.518752143586322045e-01 2.317746647795137278e+02 9.244842695993591519e+01 2.881620000000000000e+05
9.581565932480536896e-01 2.319003580333458956e+02 9.257412021376808298e+01 2.922500000000000000e+05
9.644556692432024736e-01 2.305856957610595828e+02 9.125945794148177015e+01 2.976780000000000000e+05
9.707473583964632002e-01 2.275397504620009954e+02 8.821351264242318280e+01 2.990500000000000000e+05
9.770167227541187716e-01 2.284862771616792259e+02 8.916003934210141324e+01 3.035940000000000000e+05
9.832935359933105968e-01 2.276140989402048547e+02 8.828786112062704206e+01 3.072180000000000000e+05
9.895688562506220753e-01 2.263632345227701137e+02 8.703699670319230108e+01 3.115520000000000000e+05
9.958591531227547478e-01 2.257443983249915789e+02 8.641816050541376626e+01 3.166400000000000000e+05
1.002144834684193242e+00 2.248423981827205012e+02 8.551616036314268854e+01 3.188100000000000000e+05
1.008417393835248532e+00 2.227658781183921235e+02 8.343964029881431088e+01 3.236140000000000000e+05
1.014706927655060875e+00 2.235028362784368028e+02 8.417659845885899017e+01 3.281640000000000000e+05
1.020995821536768045e+00 2.215860051098948986e+02 8.225976729031708601e+01 3.322980000000000000e+05
1.027277321758624629e+00 2.210817777654766019e+02 8.175553994589878926e+01 3.352360000000000000e+05
1.033577629488106275e+00 2.203006507578261335e+02 8.097441293824832087e+01 3.423460000000000000e+05
1.039864888978200064e+00 2.200646714816534200e+02 8.073843366207560734e+01 3.426120000000000000e+05
1.046131543025751398e+00 2.183974477771041052e+02 7.907120995752629256e+01 3.478080000000000000e+05
1.052408295901959612e+00 2.172298603897044984e+02 7.790362257012668579e+01 3.527840000000000000e+05
1.058689459756216866e+00 2.173469874405081441e+02 7.802074962093033150e+01 3.560160000000000000e+05
1.064973476309879485e+00 2.160079821815830314e+02 7.668174436200521882e+01 3.617640000000000000e+05
1.071260228414355753e+00 2.150091271897228751e+02 7.568288937014506246e+01 3.652380000000000000e+05
1.077547506273993205e+00 2.148378827706036702e+02 7.551164495102585761e+01 3.698500000000000000e+05
1.083834594251098959e+00 2.143881477627713821e+02 7.506190994319356946e+01 3.744400000000000000e+05
1.090123338753580029e+00 2.134493591642335559e+02 7.412312134465574331e+01 3.779460000000000000e+05
1.096402047628067811e+00 2.132922401076382641e+02 7.396600228806045152e+01 3.828480000000000000e+05
1.102686734177269923e+00 2.121045408457038661e+02 7.277830302612605351e+01 3.870080000000000000e+05
1.108974905272321010e+00 2.118865597835331300e+02 7.256032196395531741e+01 3.918200000000000000e+05
1.115240505002667248e+00 2.113999853971407106e+02 7.207374757756289796e+01 3.936120000000000000e+05
1.121510968507875017e+00 2.095399187726641514e+02 7.021368095308633883e+01 4.007140000000000000e+05
1.127801000874616433e+00 2.095656693257658958e+02 7.023943150618808318e+01 4.057940000000000000e+05
1.134097027651290723e+00 2.086900847163112189e+02 6.936384689673340631e+01 4.099040000000000000e+05
1.140372932967484543e+00 2.085646479109507823e+02 6.923841009137296965e+01 4.124720000000000000e+05
1.146644399550673876e+00 2.072042205788446267e+02 6.787798275926681413e+01 4.185640000000000000e+05
1.152943533572619028e+00 2.059734195453042105e+02 6.664718172572639787e+01 4.250340000000000000e+05
1.159234629937837324e+00 2.063200057375833296e+02 6.699376791800551700e+01 4.270920000000000000e+05
1.165519427699577504e+00 2.056602785820921611e+02 6.633404076251434844e+01 4.331780000000000000e+05
1.171801113533186500e+00 2.049776098990348032e+02 6.565137207945699060e+01 4.360040000000000000e+05
1.178090415441370498e+00 2.045276296102670415e+02 6.520139179068922886e+01 4.439880000000000000e+05
1.184382922568056218e+00 2.038658150999206384e+02 6.453957728034282582e+01 4.453300000000000000e+05
1.190653318049772258e+00 2.030616142277839344e+02 6.373537640820612182e+01 4.508360000000000000e+05
1.196918726837574054e+00 2.026945778488315852e+02 6.336834002925377263e+01 4.537220000000000000e+05
1.203203941861949566e+00 2.021583298457213971e+02 6.283209202614358446e+01 4.634540000000000000e+05
1.209492404352916051e+00 2.012047686307006984e+02 6.187853081112288578e+01 4.638000000000000000e+05
1.215771355333522763e+00 2.011130774006323918e+02 6.178683958105457918e+01 4.715780000000000000e+05
1.222064664468862416e+00 2.006963593170437434e+02 6.137012149746593082e+01 4.760860000000000000e+05
1.228353922954420918e+00 2.001484137871551354e+02 6.082217596757732281e+01 4.800280000000000000e+05
1.234638470013954770e+00 1.994210649250706240e+02 6.009482710549281137e+01 4.861600000000000000e+05
1.240913261509356103e+00 1.985707529935244509e+02 5.924451517394663824e+01 4.877540000000000000e+05
1.247188250643475937e+00 1.982086263830545363e+02 5.888238856347672368e+01 4.961340000000000000e+05
1.253473069443996613e+00 1.981915954120064498e+02 5.886535759242863719e+01 4.994820000000000000e+05
1.259761898162141902e+00 1.968962295432149574e+02 5.756999172363714479e+01 5.065000000000000000e+05
1.266044124118156144e+00 1.963203145131623160e+02 5.699407669358450335e+01 5.091880000000000000e+05
1.272325893222376436e+00 1.957680192922497895e+02 5.644178147267197687e+01 5.154900000000000000e+05
1.278614164208257353e+00 1.959330487190552788e+02 5.660681089947746614e+01 5.212680000000000000e+05
1.284892611208029889e+00 1.947167544124581866e+02 5.539051659288037399e+01 5.238700000000000000e+05
1.291183645279231351e+00 1.944525503234412440e+02 5.512631250386343140e+01 5.336400000000000000e+05
1.297481503837926153e+00 1.940190275919981104e+02 5.469278977242029782e+01 5.355220000000000000e+05
1.303753723784867535e+00 1.939047406513094813e+02 5.457850283173166872e+01 5.391000000000000000e+05
1.310018983865986586e+00 1.927954243660147142e+02 5.346918654643690161e+01 5.455720000000000000e+05
1.316308510930670250e+00 1.920792182513032742e+02 5.275298043172546159e+01 5.530760000000000000e+05
1.322598362398576421e+00 1.922227695358995163e+02 5.289653171632170370e+01 5.564880000000000000e+05
1.328872053478450166e+00 1.929486333335887025e+02 5.362239551401088988e+01 5.606140000000000000e+05
1.335152188378053495e+00 1.911648567331858430e+02 5.183861891360803043e+01 5.684260000000000000e+05
1.341449661995184561e+00 1.918593961892164543e+02 5.253315836963864172e+01 5.746600000000000000e+05
1.347738927854007729e+00 1.903054287126154804e+02 5.097919089303766782e+01 5.770720000000000000e+05
1.354008700766087481e+00 1.910792882250830758e+02 5.175305040550526314e+01 5.822700000000000000e+05
1.360289660314967009e+00 1.899736466330149085e+02 5.064740881343709589e+01 5.901560000000000000e+05
1.366572251586567699e+00 1.897464906275996555e+02 5.042025280802184284e+01 5.928000000000000000e+05
1.372860453050388063e+00 1.892305997726387545e+02 4.990436195306094191e+01 6.027740000000000000e+05
1.379145023090685429e+00 1.889921713465115829e+02 4.966593352693377028e+01 6.026980000000000000e+05
1.385414535762269361e+00 1.884823542337329059e+02 4.915611641415509325e+01 6.111620000000000000e+05
1.391706524900663045e+00 1.885493887756045410e+02 4.922315095602672841e+01 6.180140000000000000e+05
1.397995531958892590e+00 1.880683315386805532e+02 4.874209371910274058e+01 6.215880000000000000e+05
1.404274192284941769e+00 1.868228556123956139e+02 4.749661779281780127e+01 6.277440000000000000e+05
1.410561555672766865e+00 1.871264541277558635e+02 4.780021630817805089e+01 6.335400000000000000e+05
1.416846912008939086e+00 1.863515750000022990e+02 4.702533718042448641e+01 6.397320000000000000e+05
1.423125133292065136e+00 1.859819553225572690e+02 4.665571750297945641e+01 6.426020000000000000e+05
1.429404784151020458e+00 1.859351225808175911e+02 4.660888476123977853e+01 6.518900000000000000e+05
1.435691047292837252e+00 1.853903576565624292e+02 4.606411983698461654e+01 6.552160000000000000e+05
1.441980674135391771e+00 1.849046615497239827e+02 4.557842373014617010e+01 6.637680000000000000e+05
1.448270256156670488e+00 1.845656639158189023e+02 4.523942609624108968e+01 6.676260000000000000e+05
1.454546622628224650e+00 1.846158605982818699e+02 4.528962277870405728e+01 6.716420000000000000e+05
1.460820715374602674e+00 1.841657065341149746e+02 4.483946871453716199e+01 6.794060000000000000e+05
1.467116879073512736e+00 1.836619175091790339e+02 4.433567968960122130e+01 6.874520000000000000e+05
1.473402996227505257e+00 1.829030260999513189e+02 4.357678828037350627e+01 6.894720000000000000e+05
1.479676491952220729e+00 1.827865226189564112e+02 4.346028479937859856e+01 6.966860000000000000e+05
1.485967553866846869e+00 1.828230322762762228e+02 4.349679445669841016e+01 7.043380000000000000e+05
1.492246821535899048e+00 1.820732204222338453e+02 4.274698260265603267e+01 7.067400000000000000e+05
1.498509554578234537e+00 1.819266987614070672e+02 4.260046094182925458e+01 7.122360000000000000e+05
1.504789768773060477e+00 1.814787111758689662e+02 4.215247335629115355e+01 7.226580000000000000e+05
1.511081932996167110e+00 1.813616886152659049e+02 4.203545079568809228e+01 7.268980000000000000e+05
1.517368266691215162e+00 1.816151203321492744e+02 4.228888251257146180e+01 7.332820000000000000e+05
1.523654636026075648e+00 1.809608764918390023e+02 4.163463867226118964e+01 7.396640000000000000e+05
1.529943441059384845e+00 1.800204223957593683e+02 4.069418457618155571e+01 7.455940000000000000e+05
1.536239025868725072e+00 1.801845992250532333e+02 4.085836140547542072e+01 7.536480000000000000e+05
1.542520371859912531e+00 1.799103170106039329e+02 4.058407919102612027e+01 7.545420000000000000e+05
1.548788934475642254e+00 1.793346088786366579e+02 4.000837105905884528e+01 7.626580000000000000e+05
1.555076717032853217e+00 1.794755059843339211e+02 4.014926816475610849e+01 7.721700000000000000e+05
1.561367597618051883e+00 1.792550127377167257e+02 3.992877491813891311e+01 7.751460000000000000e+05
1.567640799474913083e+00 1.795036506247649584e+02 4.017741280518714575e+01 7.806720000000000000e+05
1.573918091021587307e+00 1.788279906779320072e+02 3.950175285835419459e+01 7.887520000000000000e+05
1.580208770922777894e+00 1.782249284652923507e+02 3.889869064571453805e+01 7.962340000000000000e+05
1.586494501348699515e+00 1.778999596557662244e+02 3.857372183618841177e+01 8.007500000000000000e+05
1.592767039126987694e+00 1.776862354949230962e+02 3.835999767534528360e+01 8.048100000000000000e+05
1.599052488140243256e+00 1.775000615609758370e+02 3.817382374139802437e+01 8.176280000000000000e+05
1.605347362928585930e+00 1.774962431734250004e+02 3.817000535384718773e+01 8.192580000000000000e+05
1.611624469631112389e+00 1.764673293112754493e+02 3.714109149169763668e+01 8.265800000000000000e+05
1.617906873560414516e+00 1.768357204870780208e+02 3.750948266750020821e+01 8.332260000000000000e+05
1.624193727299755308e+00 1.764825832123760563e+02 3.715634539279824367e+01 8.401780000000000000e+05
1.630471782443348783e+00 1.761522691086236989e+02 3.682603128904588630e+01 8.448300000000000000e+05
1.636760164716084098e+00 1.764580086053640571e+02 3.713177078578624446e+01 8.551300000000000000e+05
1.643043464683600297e+00 1.756963877286482330e+02 3.637014990907042034e+01 8.575060000000000000e+05
1.649316977887778979e+00 1.754310518908852998e+02 3.610481407130748721e+01 8.644800000000000000e+05
1.655599056937107516e+00 1.754685959133203426e+02 3.614235809374252995e+01 8.738480000000000000e+05
1.661884166769115767e+00 1.754299018780178017e+02 3.610366405843998905e+01 8.783400000000000000e+05
1.668176504354522471e+00 1.753090166803144143e+02 3.598277886073660170e+01 8.889200000000000000e+05
1.674458683878514931e+00 1.743434619270669828e+02 3.501722410748917014e+01 8.893580000000000000e+05
1.680728630093367038e+00 1.743757437515982929e+02 3.504950593202048026e+01 8.981800000000000000e+05
1.687019939142594183e+00 1.737353269031522416e+02 3.440908908357442897e+01 9.095840000000000000e+05
1.693318824324689276e+00 1.734820353229531236e+02 3.415579750337531095e+01 9.136000000000000000e+05
1.699588010948696493e+00 1.735711131183983298e+02 3.424487529882051717e+01 9.141300000000000000e+05
1.705865055857039181e+00 1.731559130535295310e+02 3.382967523395171838e+01 9.300560000000000000e+05
1.712165335543606837e+00 1.737866199188370331e+02 3.446038209925922047e+01 9.342660000000000000e+05
1.718451221796237549e+00 1.724337086874537590e+02 3.310747086787594640e+01 9.398780000000000000e+05
1.724725883597690634e+00 1.728090006561850203e+02 3.348276283660720765e+01 9.443780000000000000e+05
1.731001460952539039e+00 1.726089088460790890e+02 3.328267102650127640e+01 9.535880000000000000e+05
1.737293076086154020e+00 1.723677805009742769e+02 3.304154268139646433e+01 9.640360000000000000e+05
1.743575012025098125e+00 1.723010229235030408e+02 3.297478510392522821e+01 9.634900000000000000e+05
1.749853765858601529e+00 1.717834807878761012e+02 3.245724296829828859e+01 9.778260000000000000e+05
1.756139760422475327e+00 1.717784667092748805e+02 3.245222888969706787e+01 9.793740000000000000e+05
1.762418064231706216e+00 1.716079241467834606e+02 3.228168632720564801e+01 9.891060000000000000e+05
1.768704373978918332e+00 1.713488781808035810e+02 3.202264036122576840e+01 9.968660000000000000e+05
1.774989017499519983e+00 1.709647883644687738e+02 3.163855054489096119e+01 1.001708000000000000e+06
1.781271339834514134e+00 1.708990632272831078e+02 3.157282540770529522e+01 1.011292000000000000e+06
1.787557810851539308e+00 1.708627228903077366e+02 3.153648507072992402e+01 1.016394000000000000e+06
1.793844465061326554e+00 1.703450692959702621e+02 3.101883147639244953e+01 1.026530000000000000e+06
1.800123882125254315e+00 1.701076525715439800e+02 3.078141475196616739e+01 1.028166000000000000e+06
1.806399855932671716e+00 1.704575602867790280e+02 3.113132246720121543e+01 1.039020000000000000e+06
1.812677292178102029e+00 1.696088066484254853e+02 3.028256882884767265e+01 1.044114000000000000e+06
1.818962554020154831e+00 1.699292583498065881e+02 3.060302053022877544e+01 1.055160000000000000e+06
1.825254388213496393e+00 1.696031827565786330e+02 3.027694493700082035e+01 1.061910000000000000e+06
1.831535832002544106e+00 1.701552163929174242e+02 3.082897857333961156e+01 1.065538000000000000e+06
1.837815550403961051e+00 1.690592542152326985e+02 2.973301639565488586e+01 1.075850000000000000e+06
1.844109001519104174e+00 1.690584716348830909e+02 2.973223381530527831e+01 1.085614000000000000e+06
1.850394624542057054e+00 1.687090089192391815e+02 2.938277109966136891e+01 1.087722000000000000e+06
1.856670888758223281e+00 1.688073223053660286e+02 2.948108448578821594e+01 1.096876000000000000e+06
1.862955904437998855e+00 1.685535958589661334e+02 2.922735803938832078e+01 1.105496000000000000e+06
1.869239093965251008e+00 1.683464472556383384e+02 2.902020943606052583e+01 1.111720000000000000e+06
1.875524551422873554e+00 1.680200038960181530e+02 2.869376607644034038e+01 1.121280000000000000e+06
1.881807982104247490e+00 1.679385281185269037e+02 2.861229029894909104e+01 1.125186000000000000e+06
1.888084182640285436e+00 1.677935011901776932e+02 2.846726337059988055e+01 1.134232000000000000e+06
1.894359184767357762e+00 1.676131421480190511e+02 2.828690432844123848e+01 1.139920000000000000e+06
1.900652335243679270e+00 1.674111754860613814e+02 2.808493766648356882e+01 1.156084000000000000e+06
1.906941434140952518e+00 1.673517373171994223e+02 2.802549949762160963e+01 1.153348000000000000e+06
1.913211010588978134e+00 1.669025255812697139e+02 2.757628776169190132e+01 1.163962000000000000e+06
1.919497353804973994e+00 1.670913296302726394e+02 2.776509181069482679e+01 1.175698000000000000e+06
1.925784376717101232e+00 1.665163996089416969e+02 2.719016178936388428e+01 1.178618000000000000e+06
1.932070295894139811e+00 1.665964011815250387e+02 2.727016336194722612e+01 1.191414000000000000e+06
1.938347681358776109e+00 1.661729095109757850e+02 2.684667169139797238e+01 1.190388000000000000e+06
1.944622715438230065e+00 1.666718771540122077e+02 2.734563933443439510e+01 1.205992000000000000e+06
1.950912101770938545e+00 1.661075580462871812e+02 2.678132022670936863e+01 1.212094000000000000e+06
1.957200170150135810e+00 1.655951432231472609e+02 2.626890540356944825e+01 1.220074000000000000e+06
1.963483156116985873e+00 1.660238186488352028e+02 2.669758082925739018e+01 1.226826000000000000e+06
1.969764663919415071e+00 1.659977051604240899e+02 2.667146734084627724e+01 1.234274000000000000e+06
1.976058795452903194e+00 1.655262719467758359e+02 2.620003412719802327e+01 1.248286000000000000e+06
1.982347818239277082e+00 1.656070761430201799e+02 2.628083832344236725e+01 1.247764000000000000e+06
1.988621905801704060e+00 1.656659783646445590e+02 2.633974054506674634e+01 1.258144000000000000e+06
1.994901683859673147e+00 1.647461857317440206e+02 2.541994791216620797e+01 1.266462000000000000e+06
2.001185568350352106e+00 1.646193259124163717e+02 2.529308809283855908e+01 1.274682000000000000e+06
2.007463530968069509e+00 1.648632623131260004e+02 2.553702449354818782e+01 1.281282000000000000e+06
2.013743684507833809e+00 1.645805281890236813e+02 2.525429036944586869e+01 1.290814000000000000e+06
2.020026468512655438e+00 1.649917741273163472e+02 2.566553630773853456e+01 1.298642000000000000e+06
2.026317940332479139e+00 1.644302876070939874e+02 2.510404978751617477e+01 1.310514000000000000e+06
2.032605346556254133e+00 1.641442348101987534e+02 2.481799699062094078e+01 1.313348000000000000e+06
2.038876250754864561e+00 1.642075330526762968e+02 2.488129523309848423e+01 1.320124000000000000e+06
2.045156862230546491e+00 1.639415283287895875e+02 2.461529050921177486e+01 1.333076000000000000e+06
2.051450376459333036e+00 1.641645565124520942e+02 2.483831869287428162e+01 1.342160000000000000e+06
2.057735646516794858e+00 1.639107675188245992e+02 2.458452969924678655e+01 1.346470000000000000e+06
2.064019658255301426e+00 1.635903628658533933e+02 2.426412504627558064e+01 1.357668000000000000e+06
2.070309709613492366e+00 1.635964522396860730e+02 2.427021442010826036e+01 1.365808000000000000e+06
2.076598642179291243e+00 1.634240938293786485e+02 2.409785600980083586e+01 1.373258000000000000e+06
2.082870032339927402e+00 1.633908006432286300e+02 2.406456282365081734e+01 1.375392000000000000e+06
2.089134787055322295e+00 1.634944600175395522e+02 2.416822219796173954e+01 1.386994000000000000e+06
2.095425627190938389e+00 1.631385967878377130e+02 2.381235896825990039e+01 1.402688000000000000e+06
2.101711371004562512e+00 1.630135218948649936e+02 2.368728407528718094e+01 1.402456000000000000e+06
2.107989648687532469e+00 1.626877506159939060e+02 2.336151279641609335e+01 1.415562000000000000e+06
2.114274413323816493e+00 1.628726779085904752e+02 2.354644008901266261e+01 1.423152000000000000e+06
2.120557238443375958e+00 1.630207007755656434e+02 2.369446295598783081e+01 1.430474000000000000e+06
2.126845280632974067e+00 1.629546582862070352e+02 2.362842046662922257e+01 1.442654000000000000e+06
2.133128554780450159e+00 1.627526713210247635e+02 2.342643350144695091e+01 1.446292000000000000e+06
2.139412332467919065e+00 1.624495882367430397e+02 2.312335041716522710e+01 1.458674000000000000e+06
2.145698003662099396e+00 1.623710893511326105e+02 2.304485153155479793e+01 1.465518000000000000e+06
2.151977195668531184e+00 1.621167793254429910e+02 2.279054150586517835e+01 1.471640000000000000e+06
2.158263209952423267e+00 1.619640178290246979e+02 2.263778000944688529e+01 1.486868000000000000e+06
2.164552162632372490e+00 1.621364485545126399e+02 2.281021073493482731e+01 1.490076000000000000e+06
2.170839225012531681e+00 1.616339524037009312e+02 2.230771458412311858e+01 1.502730000000000000e+06
2.177120082977427540e+00 1.618458618622433391e+02 2.251962404266552653e+01 1.505460000000000000e+06
2.183393121055990260e+00 1.614342414084130723e+02 2.210800358883525973e+01 1.515192000000000000e+06
2.189672152712972331e+00 1.611101123089318321e+02 2.178387448935401949e+01 1.527176000000000000e+06
2.195961755713628616e+00 1.610985064743876762e+02 2.177226865480986362e+01 1.536762000000000000e+06
2.202246728716700463e+00 1.608209496704452590e+02 2.149471185086744640e+01 1.542760000000000000e+06
2.208524403202436037e+00 1.610464169774186871e+02 2.172017915784087450e+01 1.550958000000000000e+06
2.214806392550185965e+00 1.607460384347220668e+02 2.141980061514425415e+01 1.562242000000000000e+06
2.221097232089587870e+00 1.608658131215364051e+02 2.153957530195859249e+01 1.573636000000000000e+06
2.227379738633999295e+00 1.608466687401899833e+02 2.152043092061217067e+01 1.575424000000000000e+06
2.233661892530534487e+00 1.607660660683426670e+02 2.143982824876485438e+01 1.591318000000000000e+06
2.239944725315571095e+00 1.606790414866842411e+02 2.135280366710642852e+01 1.593836000000000000e+06
2.246225895079906554e+00 1.606509554441802834e+02 2.132471762460247078e+01 1.608032000000000000e+06
2.252509804346050082e+00 1.604246352303458707e+02 2.109839741076805808e+01 1.613848000000000000e+06
2.258786271982848870e+00 1.602583316543756666e+02 2.093209383479785402e+01 1.621344000000000000e+06
2.265071686104545012e+00 1.603289090860640727e+02 2.100267126648626004e+01 1.636986000000000000e+06
2.271353283744287577e+00 1.601752904194144378e+02 2.084905259983662518e+01 1.637896000000000000e+06
2.277641683762936520e+00 1.596269125095650736e+02 2.030067468998726099e+01 1.657744000000000000e+06
2.283930104798850280e+00 1.598689375602164944e+02 2.054269974063868176e+01 1.657162000000000000e+06
2.290207926740317035e+00 1.597843474735145719e+02 2.045810965393675929e+01 1.669282000000000000e+06
2.296494840186173114e+00 1.598191869863995578e+02 2.049294916682174517e+01 1.681784000000000000e+06
2.302772905700670947e+00 1.595779424035482918e+02 2.025170458397047923e+01 1.681712000000000000e+06
2.309052374557129195e+00 1.595167333502256781e+02 2.019049553064786551e+01 1.701460000000000000e+06
2.315343134461879337e+00 1.596497015289045862e+02 2.032346370932677360e+01 1.706278000000000000e+06
2.321633141999085659e+00 1.593431736930352827e+02 2.001693587345747005e+01 1.719040000000000000e+06
2.327916355392010139e+00 1.597554362781222892e+02 2.042919845854447658e+01 1.722426000000000000e+06
2.334190722001127316e+00 1.593448750883751472e+02 2.001863726879733463e+01 1.731242000000000000e+06
2.340473130334892460e+00 1.590689066411966621e+02 1.974266882161884951e+01 1.746678000000000000e+06
2.346761369860457247e+00 1.586752551325128593e+02 1.934901731293504668e+01 1.752724000000000000e+06
2.353047769056515470e+00 1.588781115488528428e+02 1.955187372927503020e+01 1.764314000000000000e+06
2.359330397319757022e+00 1.590424107921421069e+02 1.971617297256429424e+01 1.770156000000000000e+06
2.365605034054369060e+00 1.589338970564792248e+02 1.960765923690141221e+01 1.777436000000000000e+06
2.371891455909768354e+00 1.590215201566515191e+02 1.969528233707370646e+01 1.797104000000000000e+06
2.378179546072414663e+00 1.589264045380068069e+02 1.960016671842899427e+01 1.796398000000000000e+06
2.384457586600779333e+00 1.586214417057535968e+02 1.929520388617578419e+01 1.810884000000000000e+06
2.390743123140302018e+00 1.587007956353270970e+02 1.937455781574928437e+01 1.819896000000000000e+06
2.397020324856477647e+00 1.584374802567173219e+02 1.911124243713950932e+01 1.824020000000000000e+06
2.403297352078177518e+00 1.584858692351055254e+02 1.915963141552771276e+01 1.840406000000000000e+06
