# # logM, Nhalos, Ncen, Nsat
1.002500000000000036e+01 0.000000000000000000e+00 0.000000000000000000e+00 0.000000000000000000e+00
1.007500000000000107e+01 0.000000000000000000e+00 0.000000000000000000e+00 0.000000000000000000e+00
1.012500000000000178e+01 0.000000000000000000e+00 0.000000000000000000e+00 0.000000000000000000e+00
1.017500000000000249e+01 0.000000000000000000e+00 0.000000000000000000e+00 0.000000000000000000e+00
1.022500000000000320e+01 0.000000000000000000e+00 0.000000000000000000e+00 0.000000000000000000e+00
1.027500000000000391e+01 0.000000000000000000e+00 0.000000000000000000e+00 0.000000000000000000e+00
1.032500000000000462e+01 0.000000000000000000e+00 0.000000000000000000e+00 0.000000000000000000e+00
1.037500000000000533e+01 0.000000000000000000e+00 0.000000000000000000e+00 0.000000000000000000e+00
1.042500000000000604e+01 0.000000000000000000e+00 0.000000000000000000e+00 0.000000000000000000e+00
1.047500000000000675e+01 0.000000000000000000e+00 0.000000000000000000e+00 0.000000000000000000e+00
1.052500000000000746e+01 0.000000000000000000e+00 0.000000000000000000e+00 0.000000000000000000e+00
1.057500000000000817e+01 0.000000000000000000e+00 0.000000000000000000e+00 0.000000000000000000e+00
1.062500000000000888e+01 0.000000000000000000e+00 0.000000000000000000e+00 0.000000000000000000e+00
1.067500000000000959e+01 0.000000000000000000e+00 0.000000000000000000e+00 0.000000000000000000e+00
1.072500000000001030e+01 0.000000000000000000e+00 0.000000000000000000e+00 0.000000000000000000e+00
1.077500000000001101e+01 0.000000000000000000e+00 0.000000000000000000e+00 0.000000000000000000e+00
1.082500000000001172e+01 0.000000000000000000e+00 0.000000000000000000e+00 0.000000000000000000e+00
1.087500000000001243e+01 0.000000000000000000e+00 0.000000000000000000e+00 0.000000000000000000e+00
1.092500000000001315e+01 0.000000000000000000e+00 0.000000000000000000e+00 0.000000000000000000e+00
1.097500000000001386e+01 0.000000000000000000e+00 0.000000000000000000e+00 0.000000000000000000e+00
1.102500000000001457e+01 0.000000000000000000e+00 0.000000000000000000e+00 0.000000000000000000e+00
1.107500000000001528e+01 0.000000000000000000e+00 0.000000000000000000e+00 0.000000000000000000e+00
1.112500000000001599e+01 0.000000000000000000e+00 0.000000000000000000e+00 0.000000000000000000e+00
1.117500000000001670e+01 0.000000000000000000e+00 0.000000000000000000e+00 0.000000000000000000e+00
1.122500000000001741e+01 0.000000000000000000e+00 0.000000000000000000e+00 0.000000000000000000e+00
1.127500000000001812e+01 0.000000000000000000e+00 0.000000000000000000e+00 0.000000000000000000e+00
1.132500000000001883e+01 1.814735000000000000e+06 1.574800000000000000e+05 0.000000000000000000e+00
1.137500000000001954e+01 1.592818000000000000e+06 1.684790000000000000e+05 0.000000000000000000e+00
1.142500000000002025e+01 1.396685000000000000e+06 1.768900000000000000e+05 0.000000000000000000e+00
1.147500000000002096e+01 1.306757000000000000e+06 1.965200000000000000e+05 0.000000000000000000e+00
1.152500000000002167e+01 1.159196000000000000e+06 2.058190000000000000e+05 0.000000000000000000e+00
1.157500000000002238e+01 1.048146000000000000e+06 2.171040000000000000e+05 0.000000000000000000e+00
1.162500000000002309e+01 9.351460000000000000e+05 2.238690000000000000e+05 0.000000000000000000e+00
1.167500000000002380e+01 8.321280000000000000e+05 2.290250000000000000e+05 0.000000000000000000e+00
1.172500000000002451e+01 7.584950000000000000e+05 2.371720000000000000e+05 0.000000000000000000e+00
1.177500000000002522e+01 6.849960000000000000e+05 2.410260000000000000e+05 0.000000000000000000e+00
1.182500000000002593e+01 6.184670000000000000e+05 2.426760000000000000e+05 0.000000000000000000e+00
1.187500000000002665e+01 5.542040000000000000e+05 2.410150000000000000e+05 0.000000000000000000e+00
1.192500000000002736e+01 5.024880000000000000e+05 2.404140000000000000e+05 0.000000000000000000e+00
1.197500000000002807e+01 4.488500000000000000e+05 2.342930000000000000e+05 5.320000000000000000e+02
1.202500000000002878e+01 4.070880000000000000e+05 2.298140000000000000e+05 1.867000000000000000e+03
1.207500000000002949e+01 3.664720000000000000e+05 2.228270000000000000e+05 3.452000000000000000e+03
1.212500000000003020e+01 3.289540000000000000e+05 2.133020000000000000e+05 5.560000000000000000e+03
1.217500000000003091e+01 2.972240000000000000e+05 2.046300000000000000e+05 8.152000000000000000e+03
1.222500000000003162e+01 2.677200000000000000e+05 1.942660000000000000e+05 1.079700000000000000e+04
1.227500000000003233e+01 2.411270000000000000e+05 1.833760000000000000e+05 1.445800000000000000e+04
1.232500000000003304e+01 2.187910000000000000e+05 1.734190000000000000e+05 1.847700000000000000e+04
1.237500000000003375e+01 1.952530000000000000e+05 1.606210000000000000e+05 2.265100000000000000e+04
1.242500000000003446e+01 1.759940000000000000e+05 1.493950000000000000e+05 2.754000000000000000e+04
1.247500000000003517e+01 1.586110000000000000e+05 1.385300000000000000e+05 3.281900000000000000e+04
1.252500000000003588e+01 1.423250000000000000e+05 1.270820000000000000e+05 3.846300000000000000e+04
1.257500000000003659e+01 1.283840000000000000e+05 1.171470000000000000e+05 4.432800000000000000e+04
1.262500000000003730e+01 1.153260000000000000e+05 1.069720000000000000e+05 5.022500000000000000e+04
1.267500000000003801e+01 1.033650000000000000e+05 9.754600000000000000e+04 5.603600000000000000e+04
1.272500000000003872e+01 9.348800000000000000e+04 8.919200000000000000e+04 6.341100000000000000e+04
1.277500000000003944e+01 8.374700000000000000e+04 8.071200000000000000e+04 6.906700000000000000e+04
1.282500000000004015e+01 7.536600000000000000e+04 7.323000000000000000e+04 7.509200000000000000e+04
1.287500000000004086e+01 6.748400000000000000e+04 6.597700000000000000e+04 8.091300000000000000e+04
1.292500000000004157e+01 6.031600000000000000e+04 5.925800000000000000e+04 8.677200000000000000e+04
1.297500000000004228e+01 5.400200000000000000e+04 5.325600000000000000e+04 9.187100000000000000e+04
1.302500000000004299e+01 4.858700000000000000e+04 4.812600000000000000e+04 9.733600000000000000e+04
1.307500000000004370e+01 4.327700000000000000e+04 4.297300000000000000e+04 1.015440000000000000e+05
1.312500000000004441e+01 3.859900000000000000e+04 3.837100000000000000e+04 1.053900000000000000e+05
1.317500000000004512e+01 3.440800000000000000e+04 3.426500000000000000e+04 1.084420000000000000e+05
1.322500000000004583e+01 3.064500000000000000e+04 3.054400000000000000e+04 1.116650000000000000e+05
1.327500000000004654e+01 2.766800000000000000e+04 2.759900000000000000e+04 1.160630000000000000e+05
1.332500000000004725e+01 2.432900000000000000e+04 2.429400000000000000e+04 1.167230000000000000e+05
1.337500000000004796e+01 2.176100000000000000e+04 2.174200000000000000e+04 1.193890000000000000e+05
1.342500000000004867e+01 1.931100000000000000e+04 1.929700000000000000e+04 1.198290000000000000e+05
1.347500000000004938e+01 1.708800000000000000e+04 1.707900000000000000e+04 1.209670000000000000e+05
1.352500000000005009e+01 1.497700000000000000e+04 1.497400000000000000e+04 1.193470000000000000e+05
1.357500000000005080e+01 1.321500000000000000e+04 1.320800000000000000e+04 1.192390000000000000e+05
1.362500000000005151e+01 1.150600000000000000e+04 1.150500000000000000e+04 1.176710000000000000e+05
1.367500000000005222e+01 1.038900000000000000e+04 1.038800000000000000e+04 1.204610000000000000e+05
1.372500000000005294e+01 8.938000000000000000e+03 8.937000000000000000e+03 1.165860000000000000e+05
1.377500000000005365e+01 7.968000000000000000e+03 7.968000000000000000e+03 1.164690000000000000e+05
1.382500000000005436e+01 6.874000000000000000e+03 6.874000000000000000e+03 1.133500000000000000e+05
1.387500000000005507e+01 5.840000000000000000e+03 5.840000000000000000e+03 1.080600000000000000e+05
1.392500000000005578e+01 5.130000000000000000e+03 5.130000000000000000e+03 1.077370000000000000e+05
1.397500000000005649e+01 4.426000000000000000e+03 4.426000000000000000e+03 1.034450000000000000e+05
1.402500000000005720e+01 3.838000000000000000e+03 3.838000000000000000e+03 1.010050000000000000e+05
1.407500000000005791e+01 3.283000000000000000e+03 3.283000000000000000e+03 9.674900000000000000e+04
1.412500000000005862e+01 2.827000000000000000e+03 2.827000000000000000e+03 9.394900000000000000e+04
1.417500000000005933e+01 2.392000000000000000e+03 2.392000000000000000e+03 8.934000000000000000e+04
1.422500000000006004e+01 2.037000000000000000e+03 2.037000000000000000e+03 8.525500000000000000e+04
1.427500000000006075e+01 1.781000000000000000e+03 1.781000000000000000e+03 8.343000000000000000e+04
1.432500000000006146e+01 1.423000000000000000e+03 1.423000000000000000e+03 7.517000000000000000e+04
1.437500000000006217e+01 1.203000000000000000e+03 1.203000000000000000e+03 7.157300000000000000e+04
1.442500000000006288e+01 9.930000000000000000e+02 9.930000000000000000e+02 6.609800000000000000e+04
1.447500000000006359e+01 8.130000000000000000e+02 8.130000000000000000e+02 6.089400000000000000e+04
1.452500000000006430e+01 0.000000000000000000e+00 0.000000000000000000e+00 0.000000000000000000e+00
1.457500000000006501e+01 0.000000000000000000e+00 0.000000000000000000e+00 0.000000000000000000e+00
1.462500000000006573e+01 0.000000000000000000e+00 0.000000000000000000e+00 0.000000000000000000e+00
1.467500000000006644e+01 0.000000000000000000e+00 0.000000000000000000e+00 0.000000000000000000e+00
1.472500000000006715e+01 0.000000000000000000e+00 0.000000000000000000e+00 0.000000000000000000e+00
1.477500000000006786e+01 0.000000000000000000e+00 0.000000000000000000e+00 0.000000000000000000e+00
1.482500000000006857e+01 0.000000000000000000e+00 0.000000000000000000e+00 0.000000000000000000e+00
1.487500000000006928e+01 0.000000000000000000e+00 0.000000000000000000e+00 0.000000000000000000e+00
1.492500000000006999e+01 0.000000000000000000e+00 0.000000000000000000e+00 0.000000000000000000e+00
1.497500000000007070e+01 0.000000000000000000e+00 0.000000000000000000e+00 0.000000000000000000e+00
1.502500000000007141e+01 0.000000000000000000e+00 0.000000000000000000e+00 0.000000000000000000e+00
