# # k, P(k),P(k)-shotnoise, Nmodes
8.899641224696953554e-03 2.277730358885633541e+04 2.263971428824063696e+04 2.600000000000000000e+01
1.507912216506558135e-02 2.435270715243298764e+04 2.421511785181728919e+04 6.600000000000000000e+01
2.144790186456837014e-02 2.377796414951012775e+04 2.364037484889442931e+04 1.580000000000000000e+02
2.792609073416789378e-02 2.213562672373498208e+04 2.199803742311928363e+04 2.400000000000000000e+02
3.439458802618463457e-02 1.806784054750667201e+04 1.793025124689097356e+04 4.040000000000000000e+02
4.063552503253392567e-02 1.443426667267652556e+04 1.429667737206082711e+04 4.920000000000000000e+02
4.685273545737825979e-02 1.300835238114062668e+04 1.287076308052492823e+04 7.160000000000000000e+02
5.308225101765943338e-02 1.184381619032974413e+04 1.170622688971404568e+04 8.660000000000000000e+02
5.947086026992840641e-02 1.060522168053009045e+04 1.046763237991439200e+04 1.176000000000000000e+03
6.579000890571343185e-02 9.820043170074151931e+03 9.682453869458453482e+03 1.358000000000000000e+03
7.197688940286899040e-02 8.971500029744440326e+03 8.833910729128741878e+03 1.620000000000000000e+03
7.827860915688306109e-02 8.197991753454614809e+03 8.060402452838916361e+03 1.970000000000000000e+03
8.473402853143152669e-02 7.246183207456157106e+03 7.108593906840458658e+03 2.388000000000000000e+03
9.114995057719250948e-02 6.300557398307738367e+03 6.162968097692039919e+03 2.642000000000000000e+03
9.733441570868076043e-02 5.490159787655539731e+03 5.352570487039841282e+03 2.948000000000000000e+03
1.034823507189909925e-01 5.170123791702392737e+03 5.032534491086694288e+03 3.312000000000000000e+03
1.097621497737264751e-01 4.666845132048501910e+03 4.529255831432803461e+03 3.920000000000000000e+03
1.161502569114246236e-01 4.409211482105853975e+03 4.271622181490155526e+03 4.368000000000000000e+03
1.224511299792719610e-01 4.212775708709278661e+03 4.075186408093580212e+03 4.706000000000000000e+03
1.287146397216415161e-01 3.975259389170933900e+03 3.837670088555235452e+03 5.312000000000000000e+03
1.349787624209431713e-01 3.764695392614662069e+03 3.627106091998963620e+03 5.712000000000000000e+03
1.412227094847550990e-01 3.441013293320925641e+03 3.303423992705227192e+03 6.380000000000000000e+03
1.475340300674937433e-01 3.198149774639720818e+03 3.060560474024022369e+03 6.966000000000000000e+03
1.538209950420127425e-01 2.950491345711801841e+03 2.812902045096103393e+03 7.448000000000000000e+03
1.600939799861342827e-01 2.737355292692137482e+03 2.599765992076439034e+03 8.252000000000000000e+03
1.664990542498203663e-01 2.647200255127404489e+03 2.509610954511706041e+03 9.032000000000000000e+03
1.728174132941030505e-01 2.486673849384718324e+03 2.349084548769019875e+03 9.454000000000000000e+03
1.789853057753862942e-01 2.374517793134198655e+03 2.236928492518500207e+03 9.842000000000000000e+03
1.852733873177464519e-01 2.276087772506909005e+03 2.138498471891210556e+03 1.128200000000000000e+04
1.915389716053957636e-01 2.120572182161340606e+03 1.982982881545642158e+03 1.131800000000000000e+04
1.978093968968032412e-01 2.023261508662503275e+03 1.885672208046804826e+03 1.268400000000000000e+04
2.041363739541903199e-01 1.946608895956408560e+03 1.809019595340710111e+03 1.328000000000000000e+04
2.104329801156032687e-01 1.851586497182175435e+03 1.713997196566476987e+03 1.408200000000000000e+04
2.167445339963977868e-01 1.765740981264091715e+03 1.628151680648393267e+03 1.513400000000000000e+04
2.230182219099299812e-01 1.691225519954433139e+03 1.553636219338734691e+03 1.561200000000000000e+04
2.292666160073620063e-01 1.599917852815421611e+03 1.462328552199723163e+03 1.673000000000000000e+04
2.355414553524693422e-01 1.546955048166579900e+03 1.409365747550881451e+03 1.765200000000000000e+04
2.418784335992887613e-01 1.501944699353347687e+03 1.364355398737649239e+03 1.889000000000000000e+04
2.481481271052154158e-01 1.412828443746323046e+03 1.275239143130624598e+03 1.929800000000000000e+04
2.543650879168818379e-01 1.363392714613252565e+03 1.225803413997554117e+03 2.047000000000000000e+04
2.606536864982170187e-01 1.331186621517780850e+03 1.193597320902082402e+03 2.174800000000000000e+04
2.669516384221341521e-01 1.273977774684264887e+03 1.136388474068566438e+03 2.269000000000000000e+04
2.732605699623428253e-01 1.226751492772292750e+03 1.089162192156594301e+03 2.392000000000000000e+04
2.796050098145749785e-01 1.189663744927619518e+03 1.052074444311921070e+03 2.524600000000000000e+04
2.858914879318384394e-01 1.147168630260680402e+03 1.009579329644982067e+03 2.568400000000000000e+04
2.920995948224677785e-01 1.111920626856249328e+03 9.743313262405509931e+02 2.681600000000000000e+04
2.983507476243664192e-01 1.097198974811247808e+03 9.596096741955494736e+02 2.844000000000000000e+04
3.046505408519667446e-01 1.048805985480886648e+03 9.112166848651883129e+02 2.953800000000000000e+04
3.109471038444538982e-01 1.009172564868231802e+03 8.715832642525334677e+02 3.094400000000000000e+04
3.172476750734718465e-01 1.000269635099091147e+03 8.626803344833928122e+02 3.198000000000000000e+04
3.235400448401911655e-01 9.684908652061750445e+02 8.309015645904767098e+02 3.352600000000000000e+04
3.298240459879566155e-01 9.411881958845352756e+02 8.035988952688369409e+02 3.446400000000000000e+04
3.361484519828671913e-01 9.057671367135941409e+02 7.681778360978958062e+02 3.651400000000000000e+04
3.424245328606954630e-01 8.904396696283343999e+02 7.528503690126360652e+02 3.675800000000000000e+04
3.486779824429606656e-01 8.654804280813496007e+02 7.278911274656512660e+02 3.881000000000000000e+04
3.549863988041813134e-01 8.455123880828901974e+02 7.079230874671918627e+02 4.041000000000000000e+04
3.612333738091870750e-01 8.395440935909384734e+02 7.019547929752401387e+02 4.071400000000000000e+04
3.675042092955584372e-01 8.054494224725423237e+02 6.678601218568439890e+02 4.367000000000000000e+04
3.737994570270907757e-01 7.930437989316313860e+02 6.554544983159330513e+02 4.398600000000000000e+04
3.800864636623462745e-01 7.731187675108117219e+02 6.355294668951133872e+02 4.642800000000000000e+04
3.863718149601460539e-01 7.543754464659044743e+02 6.167861458502061396e+02 4.723600000000000000e+04
3.926652062093009543e-01 7.301546568502603805e+02 5.925653562345620458e+02 4.938600000000000000e+04
3.989690954083237040e-01 7.204830156539447898e+02 5.828937150382464552e+02 5.079600000000000000e+04
4.052314429539636831e-01 7.054468736521968140e+02 5.678575730364984793e+02 5.174000000000000000e+04
4.115238727386639761e-01 6.881166813761204821e+02 5.505273807604221474e+02 5.460200000000000000e+04
4.178033403078543762e-01 6.738204759856637338e+02 5.362311753699653991e+02 5.484400000000000000e+04
4.240515472996450597e-01 6.666468518233315308e+02 5.290575512076331961e+02 5.723200000000000000e+04
4.303677505012359350e-01 6.564433102746744453e+02 5.188540096589761106e+02 5.964800000000000000e+04
4.366726307806358953e-01 6.420334375972720409e+02 5.044441369815737062e+02 6.038400000000000000e+04
4.429228297480427012e-01 6.345181039092665287e+02 4.969288032935681940e+02 6.217000000000000000e+04
4.491736915552866916e-01 6.188095437044134997e+02 4.812202430887151650e+02 6.383200000000000000e+04
4.554569188183393291e-01 6.057231007424965128e+02 4.681338001267981781e+02 6.627200000000000000e+04
4.617788911268420060e-01 5.985522900566481894e+02 4.609629894409498547e+02 6.860400000000000000e+04
4.680995906845802912e-01 5.830251376360985205e+02 4.454358370204001858e+02 6.982400000000000000e+04
4.743866829976556287e-01 5.721349319293354938e+02 4.345456313136371591e+02 7.159800000000000000e+04
4.806701266904181979e-01 5.655812117769784209e+02 4.279919111612800862e+02 7.363400000000000000e+04
4.869464029839004060e-01 5.607205198815901213e+02 4.231312192658917866e+02 7.514600000000000000e+04
4.932051255392171929e-01 5.451981570121749883e+02 4.076088563964766536e+02 7.732800000000000000e+04
4.994696626648479909e-01 5.397810125628660671e+02 4.021917119471677324e+02 7.884800000000000000e+04
5.057193073175597631e-01 5.295556355602743679e+02 3.919663349445760332e+02 8.116400000000000000e+04
5.119989495044070527e-01 5.262847017210241347e+02 3.886954011053258000e+02 8.364400000000000000e+04
5.183159826466314790e-01 5.135125049059597586e+02 3.759232042902614239e+02 8.615600000000000000e+04
5.246107092885408107e-01 5.053701570252183615e+02 3.677808564095199699e+02 8.741000000000000000e+04
5.308819677746196009e-01 4.989092972896601168e+02 3.613199966739617821e+02 8.933800000000000000e+04
5.371663275127862569e-01 4.933902358936569499e+02 3.558009352779586152e+02 9.246200000000000000e+04
5.434900758720350167e-01 4.897323280289402305e+02 3.521430274132418390e+02 9.450400000000000000e+04
5.497699542502575420e-01 4.788257241463559239e+02 3.412364235306575893e+02 9.565800000000000000e+04
5.560083363989032357e-01 4.708586239054096154e+02 3.332693232897112239e+02 9.759800000000000000e+04
5.623114537777685884e-01 4.644059147206134526e+02 3.268166141049150610e+02 1.019620000000000000e+05
5.686318313430648308e-01 4.607437385264878458e+02 3.231544379107895111e+02 1.029860000000000000e+05
5.748997298340194906e-01 4.549357126457015283e+02 3.173464120300031936e+02 1.044280000000000000e+05
5.811784316152807106e-01 4.508238362698642732e+02 3.132345356541659385e+02 1.082760000000000000e+05
5.874623501555152894e-01 4.450411782994670489e+02 3.074518776837686573e+02 1.091300000000000000e+05
5.937358705487374433e-01 4.376741644998336938e+02 3.000848638841353022e+02 1.124920000000000000e+05
6.000132321575981642e-01 4.324319810981158980e+02 2.948426804824175633e+02 1.142380000000000000e+05
6.062764279011477742e-01 4.267469092338310475e+02 2.891576086181327128e+02 1.165200000000000000e+05
6.125579126729602253e-01 4.228628330947469181e+02 2.852735324790485265e+02 1.198680000000000000e+05
6.188758883571132685e-01 4.198525898774553866e+02 2.822632892617569951e+02 1.227600000000000000e+05
6.251574688191492424e-01 4.145252175474079195e+02 2.769359169317095848e+02 1.235740000000000000e+05
6.314078328527679140e-01 4.090729335579107442e+02 2.714836329422123526e+02 1.265060000000000000e+05
6.377090179731219610e-01 4.036610149368993348e+02 2.660717143212009432e+02 1.303720000000000000e+05
6.440064460832264359e-01 4.010209554654911130e+02 2.634316548497927215e+02 1.318120000000000000e+05
6.502830651582106603e-01 3.949967556531877904e+02 2.574074550374893988e+02 1.344920000000000000e+05
6.565805265356863263e-01 3.927028638056905265e+02 2.551135631899921634e+02 1.379620000000000000e+05
6.628599596871522781e-01 3.875926598731604713e+02 2.500033592574621082e+02 1.390120000000000000e+05
6.691298853551562731e-01 3.836548026031621248e+02 2.460655019874637617e+02 1.425480000000000000e+05
6.754222718254296876e-01 3.804968486143936843e+02 2.429075479986953212e+02 1.458880000000000000e+05
6.816939054591842906e-01 3.760605978317137215e+02 2.384712972160153583e+02 1.465620000000000000e+05
6.879709791718701117e-01 3.737793767665357905e+02 2.361900761508374273e+02 1.517500000000000000e+05
6.942614105711022443e-01 3.676467046062394388e+02 2.300574039905410757e+02 1.526260000000000000e+05
7.005365424756659909e-01 3.628127036477898741e+02 2.252234030320915110e+02 1.565860000000000000e+05
7.068233029523925959e-01 3.611655063014536040e+02 2.235762056857552409e+02 1.590780000000000000e+05
7.131225830129004351e-01 3.596582987922066650e+02 2.220689981765083019e+02 1.622900000000000000e+05
7.194106404935602939e-01 3.543264354042592004e+02 2.167371347885608373e+02 1.647700000000000000e+05
7.256916467573152341e-01 3.529174113971092765e+02 2.153281107814109134e+02 1.674660000000000000e+05
7.319862263035085137e-01 3.490665839825405783e+02 2.114772833668422152e+02 1.713680000000000000e+05
7.382778109483263407e-01 3.474103436244602676e+02 2.098210430087619045e+02 1.730960000000000000e+05
7.445474719729404667e-01 3.422084810657639764e+02 2.046191804500656133e+02 1.760120000000000000e+05
7.508031991267573035e-01 3.391073422088032885e+02 2.015180415931049254e+02 1.785720000000000000e+05
7.570835243855718044e-01 3.353300768924023600e+02 1.977407762767039969e+02 1.828740000000000000e+05
7.633725915964089115e-01 3.346244239871435866e+02 1.970351233714452235e+02 1.855560000000000000e+05
7.696559165320593365e-01 3.298731488413758370e+02 1.922838482256774739e+02 1.883800000000000000e+05
7.759472068200509165e-01 3.282287471012936066e+02 1.906394464855952435e+02 1.923620000000000000e+05
7.822420857509159164e-01 3.274078970870156695e+02 1.898185964713173064e+02 1.948920000000000000e+05
7.885501419914293653e-01 3.255678401223235596e+02 1.879785395066251965e+02 1.992240000000000000e+05
7.948038474963337041e-01 3.200298833050560461e+02 1.824405826893576830e+02 1.980620000000000000e+05
8.010520907109800470e-01 3.207088210385711591e+02 1.831195204228727960e+02 2.048760000000000000e+05
8.073556460726576400e-01 3.152685945835360144e+02 1.776792939678376513e+02 2.082080000000000000e+05
8.136472652876408640e-01 3.127574378924475127e+02 1.751681372767491496e+02 2.106380000000000000e+05
8.199328051877485812e-01 3.123170771203700724e+02 1.747277765046717093e+02 2.141460000000000000e+05
8.262092250684122119e-01 3.100511542550574973e+02 1.724618536393591341e+02 2.167700000000000000e+05
8.325052758042271739e-01 3.057441300669887028e+02 1.681548294512903396e+02 2.218980000000000000e+05
8.388116654351844836e-01 3.057847570140555717e+02 1.681954563983572086e+02 2.244000000000000000e+05
8.450849103364239667e-01 3.034915963859444332e+02 1.659022957702460701e+02 2.263060000000000000e+05
8.513462727474617742e-01 2.996766051576339578e+02 1.620873045419355947e+02 2.298240000000000000e+05
8.576284146508676987e-01 2.989356923526831338e+02 1.613463917369847707e+02 2.351900000000000000e+05
8.639203271423162578e-01 2.956824007690435678e+02 1.580931001533452047e+02 2.369960000000000000e+05
8.702001278720664645e-01 2.952698594567596615e+02 1.576805588410612984e+02 2.415680000000000000e+05
8.764772930847268828e-01 2.936682348409178758e+02 1.560789342252195127e+02 2.433340000000000000e+05
8.827715178895144676e-01 2.917511871680667923e+02 1.541618865523684292e+02 2.500580000000000000e+05
8.890536686845070813e-01 2.892125483474969769e+02 1.516232477317986138e+02 2.498260000000000000e+05
8.953222746762443673e-01 2.887460556859109033e+02 1.511567550702125402e+02 2.554020000000000000e+05
9.016064535102598088e-01 2.862951830240164668e+02 1.487058824083181037e+02 2.588880000000000000e+05
9.078934899700541461e-01 2.826176854167128454e+02 1.450283848010144823e+02 2.622400000000000000e+05
9.141879395382898066e-01 2.815306437300271796e+02 1.439413431143288165e+02 2.673220000000000000e+05
9.204870069999977478e-01 2.816824283114727336e+02 1.440931276957743705e+02 2.697820000000000000e+05
9.267634485314798498e-01 2.794603058650949379e+02 1.418710052493965748e+02 2.725480000000000000e+05
9.330398908859652840e-01 2.766795852529779722e+02 1.390902846372796091e+02 2.775220000000000000e+05
9.393419790538620751e-01 2.754293658683507715e+02 1.378400652526524084e+02 2.819920000000000000e+05
9.456138811139273015e-01 2.722064914583619952e+02 1.346171908426636321e+02 2.827100000000000000e+05
9.518752143586322045e-01 2.728706677314643230e+02 1.352813671157659599e+02 2.881620000000000000e+05
9.581565932480536896e-01 2.711250247857027489e+02 1.335357241700043858e+02 2.922500000000000000e+05
9.644556692432024736e-01 2.695370801969060039e+02 1.319477795812076408e+02 2.976780000000000000e+05
9.707473583964632002e-01 2.676232659509229279e+02 1.300339653352245648e+02 2.990500000000000000e+05
9.770167227541187716e-01 2.660473914638147335e+02 1.284580908481163704e+02 3.035940000000000000e+05
9.832935359933105968e-01 2.650794827274909835e+02 1.274901821117926204e+02 3.072180000000000000e+05
9.895688562506220753e-01 2.633385846675763560e+02 1.257492840518779929e+02 3.115520000000000000e+05
9.958591531227547478e-01 2.625272886135995805e+02 1.249379879979012173e+02 3.166400000000000000e+05
1.002144834684193242e+00 2.601822017160379801e+02 1.225929011003396170e+02 3.188100000000000000e+05
1.008417393835248532e+00 2.586411266276919036e+02 1.210518260119935405e+02 3.236140000000000000e+05
1.014706927655060875e+00 2.575601909594882954e+02 1.199708903437899323e+02 3.281640000000000000e+05
1.020995821536768045e+00 2.567248495418022003e+02 1.191355489261038372e+02 3.322980000000000000e+05
1.027277321758624629e+00 2.556520630035623469e+02 1.180627623878639838e+02 3.352360000000000000e+05
1.033577629488106275e+00 2.539693455378000237e+02 1.163800449221016606e+02 3.423460000000000000e+05
1.039864888978200064e+00 2.532517526303689408e+02 1.156624520146705777e+02 3.426120000000000000e+05
1.046131543025751398e+00 2.515753753290476027e+02 1.139860747133492396e+02 3.478080000000000000e+05
1.052408295901959612e+00 2.502680560316222795e+02 1.126787554159239164e+02 3.527840000000000000e+05
1.058689459756216866e+00 2.491751695465636942e+02 1.115858689308653311e+02 3.560160000000000000e+05
1.064973476309879485e+00 2.489483179830402548e+02 1.113590173673418917e+02 3.617640000000000000e+05
1.071260228414355753e+00 2.477871443864528089e+02 1.101978437707544458e+02 3.652380000000000000e+05
1.077547506273993205e+00 2.464189941990313457e+02 1.088296935833329826e+02 3.698500000000000000e+05
1.083834594251098959e+00 2.453362475693023725e+02 1.077469469536040094e+02 3.744400000000000000e+05
1.090123338753580029e+00 2.428029100474508368e+02 1.052136094317524737e+02 3.779460000000000000e+05
1.096402047628067811e+00 2.423543007691417586e+02 1.047650001534433954e+02 3.828480000000000000e+05
1.102686734177269923e+00 2.408297127059813931e+02 1.032404120902830300e+02 3.870080000000000000e+05
1.108974905272321010e+00 2.405013579398854517e+02 1.029120573241870886e+02 3.918200000000000000e+05
1.115240505002667248e+00 2.385598794090046795e+02 1.009705787933063164e+02 3.936120000000000000e+05
1.121510968507875017e+00 2.377294331348460332e+02 1.001401325191476701e+02 4.007140000000000000e+05
1.127801000874616433e+00 2.371351057738484087e+02 9.954580515815004560e+01 4.057940000000000000e+05
1.134097027651290723e+00 2.360950193722436268e+02 9.850571875654526366e+01 4.099040000000000000e+05
1.140372932967484543e+00 2.346014760019328094e+02 9.701217538623444625e+01 4.124720000000000000e+05
1.146644399550673876e+00 2.340390365389324074e+02 9.644973592323404432e+01 4.185640000000000000e+05
1.152943533572619028e+00 2.332705721339199556e+02 9.568127151822159249e+01 4.250340000000000000e+05
1.159234629937837324e+00 2.333905591245366509e+02 9.580125850883828775e+01 4.270920000000000000e+05
1.165519427699577504e+00 2.315648279767574422e+02 9.397552736105907911e+01 4.331780000000000000e+05
1.171801113533186500e+00 2.305207410442655487e+02 9.293144042856718556e+01 4.360040000000000000e+05
1.178090415441370498e+00 2.300283623070550050e+02 9.243906169135664186e+01 4.439880000000000000e+05
1.184382922568056218e+00 2.286672578061477452e+02 9.107795719044938210e+01 4.453300000000000000e+05
1.190653318049772258e+00 2.277788629628133208e+02 9.018956234711495767e+01 4.508360000000000000e+05
1.196918726837574054e+00 2.271512658118706156e+02 8.956196519617225249e+01 4.537220000000000000e+05
1.203203941861949566e+00 2.268534853822059461e+02 8.926418476650758294e+01 4.634540000000000000e+05
1.209492404352916051e+00 2.252343688184958523e+02 8.764506820279748922e+01 4.638000000000000000e+05
1.215771355333522763e+00 2.237472794028601015e+02 8.615797878716173841e+01 4.715780000000000000e+05
1.222064664468862416e+00 2.236681676615982326e+02 8.607886704589986948e+01 4.760860000000000000e+05
1.228353922954420918e+00 2.230401007428724824e+02 8.545080012717411932e+01 4.800280000000000000e+05
1.234638470013954770e+00 2.226178303506999612e+02 8.502852973500159806e+01 4.861600000000000000e+05
1.240913261509356103e+00 2.212306037667330827e+02 8.364130315103471958e+01 4.877540000000000000e+05
1.247188250643475937e+00 2.207776220529563034e+02 8.318832143725794026e+01 4.961340000000000000e+05
1.253473069443996613e+00 2.194852502743249545e+02 8.189594965862659137e+01 4.994820000000000000e+05
1.259761898162141902e+00 2.188735055400782699e+02 8.128420492437990674e+01 5.065000000000000000e+05
1.266044124118156144e+00 2.174344873286938480e+02 7.984518671299548487e+01 5.091880000000000000e+05
1.272325893222376436e+00 2.179337765347555376e+02 8.034447591905717445e+01 5.154900000000000000e+05
1.278614164208257353e+00 2.162105164053139958e+02 7.862121578961563273e+01 5.212680000000000000e+05
1.284892611208029889e+00 2.157278056911938222e+02 7.813850507549545910e+01 5.238700000000000000e+05
1.291183645279231351e+00 2.151142856339218952e+02 7.752498501822353205e+01 5.336400000000000000e+05
1.297481503837926153e+00 2.148282502423062397e+02 7.723894962660787655e+01 5.355220000000000000e+05
1.303753723784867535e+00 2.139225078682401602e+02 7.633320725254179706e+01 5.391000000000000000e+05
1.310018983865986586e+00 2.129556629681492552e+02 7.536636235245089210e+01 5.455720000000000000e+05
1.316308510930670250e+00 2.132967969050691863e+02 7.570749628937082321e+01 5.530760000000000000e+05
1.322598362398576421e+00 2.119640129634831851e+02 7.437471234778482199e+01 5.564880000000000000e+05
1.328872053478450166e+00 2.121411047868008950e+02 7.455180417110253188e+01 5.606140000000000000e+05
1.335152188378053495e+00 2.099924736937356329e+02 7.240317307803726976e+01 5.684260000000000000e+05
1.341449661995184561e+00 2.101586360633179424e+02 7.256933544761957933e+01 5.746600000000000000e+05
1.347738927854007729e+00 2.093120135615675110e+02 7.172271294586914792e+01 5.770720000000000000e+05
1.354008700766087481e+00 2.091492858329267506e+02 7.155998521722838746e+01 5.822700000000000000e+05
1.360289660314967009e+00 2.082704944112613532e+02 7.068119379556299009e+01 5.901560000000000000e+05
1.366572251586567699e+00 2.085189564807858460e+02 7.092965586508748288e+01 5.928000000000000000e+05
1.372860453050388063e+00 2.067799600067833410e+02 6.919065939108497787e+01 6.027740000000000000e+05
1.379145023090685429e+00 2.057458027373804725e+02 6.815650212168210942e+01 6.026980000000000000e+05
1.385414535762269361e+00 2.057517628729157479e+02 6.816246225721738483e+01 6.111620000000000000e+05
1.391706524900663045e+00 2.052870395525828542e+02 6.769773893688449107e+01 6.180140000000000000e+05
1.397995531958892590e+00 2.048648041095988219e+02 6.727550349390045881e+01 6.215880000000000000e+05
1.404274192284941769e+00 2.040796702728876255e+02 6.649036965718926240e+01 6.277440000000000000e+05
1.410561555672766865e+00 2.032163183129265178e+02 6.562701769722815470e+01 6.335400000000000000e+05
1.416846912008939086e+00 2.028598649866430890e+02 6.527056437094472585e+01 6.397320000000000000e+05
1.423125133292065136e+00 2.025458690034659810e+02 6.495656838776761788e+01 6.426020000000000000e+05
1.429404784151020458e+00 2.018241408914770716e+02 6.423484027577870847e+01 6.518900000000000000e+05
1.435691047292837252e+00 2.014081345957398241e+02 6.381883398004146102e+01 6.552160000000000000e+05
1.441980674135391771e+00 2.008715805755220458e+02 6.328227995982368270e+01 6.637680000000000000e+05
1.448270256156670488e+00 2.000235328936910264e+02 6.243423227799266328e+01 6.676260000000000000e+05
1.454546622628224650e+00 2.000141016475681965e+02 6.242480103186983342e+01 6.716420000000000000e+05
1.460820715374602674e+00 1.991690607274067588e+02 6.157976011170839570e+01 6.794060000000000000e+05
1.467116879073512736e+00 1.984034007025488506e+02 6.081410008685048751e+01 6.874520000000000000e+05
1.473402996227505257e+00 1.982900864709601478e+02 6.070078585526178472e+01 6.894720000000000000e+05
1.479676491952220729e+00 1.975691017199935686e+02 5.997980110429520550e+01 6.966860000000000000e+05
1.485967553866846869e+00 1.973708859974344421e+02 5.978158538173607894e+01 7.043380000000000000e+05
1.492246821535899048e+00 1.970761703208999052e+02 5.948686970520154205e+01 7.067400000000000000e+05
1.498509554578234537e+00 1.962126902469777292e+02 5.862338963127936609e+01 7.122360000000000000e+05
1.504789768773060477e+00 1.958926806801242719e+02 5.830338006442590881e+01 7.226580000000000000e+05
1.511081932996167110e+00 1.955512651852299939e+02 5.796196456953163079e+01 7.268980000000000000e+05
1.517368266691215162e+00 1.946883732015620581e+02 5.709907258586369494e+01 7.332820000000000000e+05
1.523654636026075648e+00 1.940758107802419374e+02 5.648651016454357432e+01 7.396640000000000000e+05
1.529943441059384845e+00 1.940655070891357070e+02 5.647620647343734390e+01 7.455940000000000000e+05
1.536239025868725072e+00 1.943274247737556379e+02 5.673812415805727483e+01 7.536480000000000000e+05
1.542520371859912531e+00 1.928496173985407154e+02 5.526031678284235227e+01 7.545420000000000000e+05
1.548788934475642254e+00 1.926018894443578802e+02 5.501258882865951705e+01 7.626580000000000000e+05
1.555076717032853217e+00 1.918630708904229607e+02 5.427377027472459758e+01 7.721700000000000000e+05
1.561367597618051883e+00 1.920084178499624556e+02 5.441911723426409253e+01 7.751460000000000000e+05
1.567640799474913083e+00 1.915365199877185489e+02 5.394721937202018580e+01 7.806720000000000000e+05
1.573918091021587307e+00 1.912701607697238444e+02 5.368086015402548128e+01 7.887520000000000000e+05
1.580208770922777894e+00 1.904999985404883773e+02 5.291069792479001421e+01 7.962340000000000000e+05
1.586494501348699515e+00 1.895687252022096345e+02 5.197942458651127140e+01 8.007500000000000000e+05
1.592767039126987694e+00 1.897841811036281001e+02 5.219488048792973700e+01 8.048100000000000000e+05
1.599052488140243256e+00 1.898796763524215407e+02 5.229037573672317762e+01 8.176280000000000000e+05
1.605347362928585930e+00 1.893375595819059924e+02 5.174825896620762933e+01 8.192580000000000000e+05
1.611624469631112389e+00 1.881919652364256592e+02 5.060266462072729610e+01 8.265800000000000000e+05
1.617906873560414516e+00 1.883807471092062258e+02 5.079144649350786267e+01 8.332260000000000000e+05
1.624193727299755308e+00 1.880825470702555435e+02 5.049324645455718041e+01 8.401780000000000000e+05
1.630471782443348783e+00 1.873253773109454414e+02 4.973607669524707831e+01 8.448300000000000000e+05
1.636760164716084098e+00 1.871136734180763597e+02 4.952437280237799655e+01 8.551300000000000000e+05
1.643043464683600297e+00 1.864263784764760885e+02 4.883707786077772539e+01 8.575060000000000000e+05
1.649316977887778979e+00 1.865520469182919783e+02 4.896274630259361516e+01 8.644800000000000000e+05
1.655599056937107516e+00 1.865035106236306888e+02 4.891421000793232565e+01 8.738480000000000000e+05
1.661884166769115767e+00 1.857118304322169990e+02 4.812252981651863593e+01 8.783400000000000000e+05
1.668176504354522471e+00 1.856853686284136415e+02 4.809606801271527843e+01 8.889200000000000000e+05
1.674458683878514931e+00 1.847328417804054652e+02 4.714354116470710210e+01 8.893580000000000000e+05
1.680728630093367038e+00 1.849828147357135890e+02 4.739351412001522590e+01 8.981800000000000000e+05
1.687019939142594183e+00 1.837864884954546767e+02 4.619718787975631358e+01 9.095840000000000000e+05
1.693318824324689276e+00 1.835581316848249855e+02 4.596883106912662242e+01 9.136000000000000000e+05
1.699588010948696493e+00 1.835069555039265765e+02 4.591765488822821339e+01 9.141300000000000000e+05
1.705865055857039181e+00 1.833363709586760990e+02 4.574707034297773589e+01 9.300560000000000000e+05
1.712165335543606837e+00 1.832694265133230829e+02 4.568012589762471976e+01 9.342660000000000000e+05
1.718451221796237549e+00 1.823853683020388985e+02 4.479606768634053537e+01 9.398780000000000000e+05
1.724725883597690634e+00 1.824051284826781796e+02 4.481582786697981646e+01 9.443780000000000000e+05
1.731001460952539039e+00 1.816664222854669219e+02 4.407712166976855883e+01 9.535880000000000000e+05
1.737293076086154020e+00 1.815598702038581678e+02 4.397056958815980465e+01 9.640360000000000000e+05
1.743575012025098125e+00 1.804713453795027647e+02 4.288204476380440155e+01 9.634900000000000000e+05
1.749853765858601529e+00 1.814631233398590666e+02 4.387382272416070350e+01 9.778260000000000000e+05
1.756139760422475327e+00 1.805606668601001843e+02 4.297136624440182118e+01 9.793740000000000000e+05
1.762418064231706216e+00 1.802860222910980497e+02 4.269672167539968655e+01 9.891060000000000000e+05
1.768704373978918332e+00 1.800676585837005064e+02 4.247835796800214325e+01 9.968660000000000000e+05
1.774989017499519983e+00 1.798895337375091970e+02 4.230023312181083384e+01 1.001708000000000000e+06
1.781271339834514134e+00 1.794104908291989489e+02 4.182119021350058574e+01 1.011292000000000000e+06
1.787557810851539308e+00 1.789654391361956982e+02 4.137613852049733509e+01 1.016394000000000000e+06
1.793844465061326554e+00 1.782880753931344202e+02 4.069877477743605709e+01 1.026530000000000000e+06
1.800123882125254315e+00 1.786228849523895974e+02 4.103358433669123428e+01 1.028166000000000000e+06
1.806399855932671716e+00 1.782535517774743994e+02 4.066425116177603627e+01 1.039020000000000000e+06
1.812677292178102029e+00 1.779286325550547758e+02 4.033933193935641270e+01 1.044114000000000000e+06
1.818962554020154831e+00 1.779800400398525539e+02 4.039073942415419083e+01 1.055160000000000000e+06
1.825254388213496393e+00 1.771648410296880343e+02 3.957554041398967115e+01 1.061910000000000000e+06
1.831535832002544106e+00 1.770266910357941867e+02 3.943739042009582363e+01 1.065538000000000000e+06
1.837815550403961051e+00 1.767138788261104594e+02 3.912457821041209627e+01 1.075850000000000000e+06
1.844109001519104174e+00 1.768420484209900678e+02 3.925274780529170471e+01 1.085614000000000000e+06
1.850394624542057054e+00 1.763195509985426668e+02 3.873025038284430366e+01 1.087722000000000000e+06
1.856670888758223281e+00 1.761370619498408132e+02 3.854776133414245010e+01 1.096876000000000000e+06
1.862955904437998855e+00 1.761513989885062870e+02 3.856209837280792385e+01 1.105496000000000000e+06
1.869239093965251008e+00 1.757458063796576937e+02 3.815650576395933058e+01 1.111720000000000000e+06
1.875524551422873554e+00 1.751499469328606153e+02 3.756064631716225222e+01 1.121280000000000000e+06
1.881807982104247490e+00 1.749260621589926643e+02 3.733676154329430119e+01 1.125186000000000000e+06
1.888084182640285436e+00 1.744681030223400739e+02 3.687880240664171083e+01 1.134232000000000000e+06
1.894359184767357762e+00 1.744239973328652127e+02 3.683469671716684957e+01 1.139920000000000000e+06
1.900652335243679270e+00 1.744900387786929059e+02 3.690073816299454279e+01 1.156084000000000000e+06
1.906941434140952518e+00 1.739242104504285180e+02 3.633490983473015490e+01 1.153348000000000000e+06
1.913211010588978134e+00 1.739327190356051744e+02 3.634341841990681132e+01 1.163962000000000000e+06
1.919497353804973994e+00 1.735409972480881606e+02 3.595169663238979751e+01 1.175698000000000000e+06
1.925784376717101232e+00 1.729807170500098437e+02 3.539141643431148054e+01 1.178618000000000000e+06
1.932070295894139811e+00 1.733189430605002315e+02 3.572964244480186835e+01 1.191414000000000000e+06
1.938347681358776109e+00 1.726065910334388036e+02 3.501729041774044049e+01 1.190388000000000000e+06
1.944622715438230065e+00 1.723094925508394226e+02 3.472019193514105950e+01 1.205992000000000000e+06
1.950912101770938545e+00 1.719999012114140839e+02 3.441060059571572083e+01 1.212094000000000000e+06
1.957200170150135810e+00 1.723440178452691782e+02 3.475471722957081511e+01 1.220074000000000000e+06
1.963483156116985873e+00 1.719601241428731271e+02 3.437082352717476397e+01 1.226826000000000000e+06
1.969764663919415071e+00 1.716381580579153479e+02 3.404885744221698474e+01 1.234274000000000000e+06
1.976058795452903194e+00 1.715604609421517921e+02 3.397116032645342898e+01 1.248286000000000000e+06
1.982347818239277082e+00 1.714074346683053420e+02 3.381813405260697891e+01 1.247764000000000000e+06
1.988621905801704060e+00 1.707022199576628907e+02 3.311291934196452758e+01 1.258144000000000000e+06
1.994901683859673147e+00 1.706446241706536568e+02 3.305532355495529373e+01 1.266462000000000000e+06
2.001185568350352106e+00 1.707020278903153212e+02 3.311272727461695808e+01 1.274682000000000000e+06
2.007463530968069509e+00 1.701175287246136065e+02 3.252822810891524341e+01 1.281282000000000000e+06
2.013743684507833809e+00 1.699272213988277542e+02 3.233792078312939111e+01 1.290814000000000000e+06
2.020026468512655438e+00 1.701146302306484301e+02 3.252532961495006703e+01 1.298642000000000000e+06
2.026317940332479139e+00 1.695178001049306147e+02 3.192849948923225156e+01 1.310514000000000000e+06
2.032605346556254133e+00 1.695515838092039189e+02 3.196228319350555580e+01 1.313348000000000000e+06
2.038876250754864561e+00 1.695029435187454681e+02 3.191364290304710494e+01 1.320124000000000000e+06
2.045156862230546491e+00 1.689774394483278854e+02 3.138813883262952231e+01 1.333076000000000000e+06
2.051450376459333036e+00 1.690221865185252739e+02 3.143288590282691075e+01 1.342160000000000000e+06
2.057735646516794858e+00 1.687130467932872477e+02 3.112374617758888462e+01 1.346470000000000000e+06
2.064019658255301426e+00 1.685542084409630093e+02 3.096490782526464614e+01 1.357668000000000000e+06
2.070309709613492366e+00 1.684141983110765466e+02 3.082489769537818347e+01 1.365808000000000000e+06
2.076598642179291243e+00 1.677940577331835357e+02 3.020475711748517256e+01 1.373258000000000000e+06
2.082870032339927402e+00 1.682912451709163122e+02 3.070194455521794907e+01 1.375392000000000000e+06
2.089134787055322295e+00 1.679328088461780624e+02 3.034350823047969925e+01 1.386994000000000000e+06
2.095425627190938389e+00 1.676136883524452514e+02 3.002438773674688832e+01 1.402688000000000000e+06
2.101711371004562512e+00 1.675176167758480403e+02 2.992831616014967722e+01 1.402456000000000000e+06
2.107989648687532469e+00 1.673393264879718743e+02 2.975002587227351114e+01 1.415562000000000000e+06
2.114274413323816493e+00 1.669699233824858027e+02 2.938062276678743956e+01 1.423152000000000000e+06
2.120557238443375958e+00 1.669472058458539152e+02 2.935790523015555209e+01 1.430474000000000000e+06
2.126845280632974067e+00 1.666568483854095177e+02 2.906754776971115461e+01 1.442654000000000000e+06
2.133128554780450159e+00 1.669903400170175587e+02 2.940103940131919558e+01 1.446292000000000000e+06
2.139412332467919065e+00 1.663429484724142355e+02 2.875364785671587242e+01 1.458674000000000000e+06
2.145698003662099396e+00 1.664020718159520129e+02 2.881277120025364979e+01 1.465518000000000000e+06
2.151977195668531184e+00 1.656294550110739863e+02 2.804015439537562315e+01 1.471640000000000000e+06
2.158263209952423267e+00 1.657619305760058239e+02 2.817262996030746081e+01 1.486868000000000000e+06
2.164552162632372490e+00 1.655434374870909835e+02 2.795413687139262038e+01 1.490076000000000000e+06
2.170839225012531681e+00 1.653882430509143262e+02 2.779894243521596309e+01 1.502730000000000000e+06
2.177120082977427540e+00 1.655768956607837765e+02 2.798759504508541340e+01 1.505460000000000000e+06
2.183393121055990260e+00 1.652168318414422856e+02 2.762753122574392250e+01 1.515192000000000000e+06
2.189672152712972331e+00 1.650272729444655226e+02 2.743797232876715952e+01 1.527176000000000000e+06
2.195961755713628616e+00 1.646140552066601970e+02 2.702475459096183386e+01 1.536762000000000000e+06
2.202246728716700463e+00 1.645963147351153566e+02 2.700701411941699348e+01 1.542760000000000000e+06
2.208524403202436037e+00 1.645564174755231761e+02 2.696711685982481299e+01 1.550958000000000000e+06
2.214806392550185965e+00 1.644420167952189900e+02 2.685271617952062684e+01 1.562242000000000000e+06
2.221097232089587870e+00 1.639787843242283145e+02 2.638948370852995140e+01 1.573636000000000000e+06
2.227379738633999295e+00 1.639323557033398799e+02 2.634305508764151682e+01 1.575424000000000000e+06
2.233661892530534487e+00 1.638439598452031021e+02 2.625465922950473896e+01 1.591318000000000000e+06
2.239944725315571095e+00 1.639393762926465286e+02 2.635007567694816544e+01 1.593836000000000000e+06
2.246225895079906554e+00 1.635738328311013277e+02 2.598453221540296454e+01 1.608032000000000000e+06
2.252509804346050082e+00 1.631242679930421673e+02 2.553496737734380417e+01 1.613848000000000000e+06
2.258786271982848870e+00 1.633109689587287789e+02 2.572166834303041583e+01 1.621344000000000000e+06
2.265071686104545012e+00 1.631940506384808316e+02 2.560475002278246848e+01 1.636986000000000000e+06
2.271353283744287577e+00 1.629555213233975337e+02 2.536622070769917059e+01 1.637896000000000000e+06
2.277641683762936520e+00 1.627212492945042754e+02 2.513194867880591232e+01 1.657744000000000000e+06
2.283930104798850280e+00 1.623611750304466739e+02 2.477187441474831076e+01 1.657162000000000000e+06
2.290207926740317035e+00 1.627177328941199619e+02 2.512843227842159877e+01 1.669282000000000000e+06
2.296494840186173114e+00 1.624520816250423820e+02 2.486278100934401891e+01 1.681784000000000000e+06
2.302772905700670947e+00 1.624018521761310296e+02 2.481255156043266652e+01 1.681712000000000000e+06
2.309052374557129195e+00 1.623978718229686820e+02 2.480857120727031884e+01 1.701460000000000000e+06
2.315343134461879337e+00 1.621841121598328073e+02 2.459481154413444415e+01 1.706278000000000000e+06
2.321633141999085659e+00 1.619898346107907798e+02 2.440053399509241672e+01 1.719040000000000000e+06
2.327916355392010139e+00 1.618792746816895942e+02 2.428997406599123110e+01 1.722426000000000000e+06
2.334190722001127316e+00 1.614424133058320763e+02 2.385311269013371316e+01 1.731242000000000000e+06
2.340473130334892460e+00 1.615091302441757932e+02 2.391982962847743011e+01 1.746678000000000000e+06
2.346761369860457247e+00 1.612416355670810901e+02 2.365233495138272701e+01 1.752724000000000000e+06
2.353047769056515470e+00 1.611809539652057879e+02 2.359165334950742476e+01 1.764314000000000000e+06
2.359330397319757022e+00 1.612831260637539970e+02 2.369382544805563384e+01 1.770156000000000000e+06
2.365605034054369060e+00 1.610486519833447971e+02 2.345935136764643403e+01 1.777436000000000000e+06
2.371891455909768354e+00 1.611127035928425926e+02 2.352340297714422945e+01 1.797104000000000000e+06
2.378179546072414663e+00 1.608209472581287400e+02 2.323164664243037691e+01 1.796398000000000000e+06
2.384457586600779333e+00 1.606464186673812264e+02 2.305711805168286332e+01 1.810884000000000000e+06
2.390743123140302018e+00 1.607667981714459131e+02 2.317749755574755000e+01 1.819896000000000000e+06
2.397020324856477647e+00 1.603281444089905108e+02 2.273884379329214767e+01 1.824020000000000000e+06
2.403297352078177518e+00 1.604771383172433161e+02 2.288783770154495301e+01 1.840406000000000000e+06
