# # k, P(k),P(k)-shotnoise, Nmodes
8.899641224696953554e-03 3.002316269450134132e+04 2.997155507323233542e+04 2.600000000000000000e+01
1.507912216506558135e-02 3.619317180133527290e+04 3.614156418006626336e+04 6.600000000000000000e+01
2.144790186456837014e-02 3.158780064194904116e+04 3.153619302068003526e+04 1.580000000000000000e+02
2.792609073416789378e-02 3.128187545693737775e+04 3.123026783566837184e+04 2.400000000000000000e+02
3.439458802618463457e-02 2.617477893662492352e+04 2.612317131535591761e+04 4.040000000000000000e+02
4.063552503253392567e-02 2.365068716601989945e+04 2.359907954475089355e+04 4.920000000000000000e+02
4.685273545737825979e-02 2.185030062003113926e+04 2.179869299876213336e+04 7.160000000000000000e+02
5.308225101765943338e-02 2.176474713223987055e+04 2.171313951097086465e+04 8.660000000000000000e+02
5.947086026992840641e-02 1.947558724685501875e+04 1.942397962558601284e+04 1.176000000000000000e+03
6.579000890571343185e-02 1.820143202352647131e+04 1.814982440225746541e+04 1.358000000000000000e+03
7.197688940286899040e-02 1.837234615962108001e+04 1.832073853835207410e+04 1.620000000000000000e+03
7.827860915688306109e-02 1.794260162521771053e+04 1.789099400394870463e+04 1.970000000000000000e+03
8.473402853143152669e-02 1.597709116686180641e+04 1.592548354559279869e+04 2.388000000000000000e+03
9.114995057719250948e-02 1.558806340427652685e+04 1.553645578300751913e+04 2.642000000000000000e+03
9.733441570868076043e-02 1.409356202845750340e+04 1.404195440718849568e+04 2.948000000000000000e+03
1.034823507189909925e-01 1.412936646094375646e+04 1.407775883967474874e+04 3.312000000000000000e+03
1.097621497737264751e-01 1.314503659891514144e+04 1.309342897764613372e+04 3.920000000000000000e+03
1.161502569114246236e-01 1.293108923803158359e+04 1.287948161676257587e+04 4.368000000000000000e+03
1.224511299792719610e-01 1.304230833558332779e+04 1.299070071431432007e+04 4.706000000000000000e+03
1.287146397216415161e-01 1.244306576609572585e+04 1.239145814482671813e+04 5.312000000000000000e+03
1.349787624209431713e-01 1.250205657709303341e+04 1.245044895582402569e+04 5.712000000000000000e+03
1.412227094847550990e-01 1.177743301408409206e+04 1.172582539281508434e+04 6.380000000000000000e+03
1.475340300674937433e-01 1.161736082488687680e+04 1.156575320361786908e+04 6.966000000000000000e+03
1.538209950420127425e-01 1.139874486571564557e+04 1.134713724444663785e+04 7.448000000000000000e+03
1.600939799861342827e-01 1.072919261407133490e+04 1.067758499280232718e+04 8.252000000000000000e+03
1.664990542498203663e-01 1.116591084768282417e+04 1.111430322641381645e+04 9.032000000000000000e+03
1.728174132941030505e-01 1.082206002161776451e+04 1.077045240034875678e+04 9.454000000000000000e+03
1.789853057753862942e-01 1.084675922591401650e+04 1.079515160464500877e+04 9.842000000000000000e+03
1.852733873177464519e-01 1.019854380232451877e+04 1.014693618105551104e+04 1.128200000000000000e+04
1.915389716053957636e-01 1.042611417960302060e+04 1.037450655833401288e+04 1.131800000000000000e+04
1.978093968968032412e-01 1.044231273463296202e+04 1.039070511336395430e+04 1.268400000000000000e+04
2.041363739541903199e-01 1.037526738522991218e+04 1.032365976396090446e+04 1.328000000000000000e+04
2.104329801156032687e-01 9.917649670174112543e+03 9.866042048905104821e+03 1.408200000000000000e+04
2.167445339963977868e-01 1.001217933804860877e+04 9.960571716779601047e+03 1.513400000000000000e+04
2.230182219099299812e-01 9.862675188681738291e+03 9.811067567412730568e+03 1.561200000000000000e+04
2.292666160073620063e-01 9.704448151588660039e+03 9.652840530319652316e+03 1.673000000000000000e+04
2.355414553524693422e-01 9.663461685716723878e+03 9.611854064447716155e+03 1.765200000000000000e+04
2.418784335992887613e-01 9.576691892753147840e+03 9.525084271484140118e+03 1.889000000000000000e+04
2.481481271052154158e-01 9.402686466226105040e+03 9.351078844957097317e+03 1.929800000000000000e+04
2.543650879168818379e-01 9.413437335993183297e+03 9.361829714724175574e+03 2.047000000000000000e+04
2.606536864982170187e-01 9.245950558909338724e+03 9.194342937640331002e+03 2.174800000000000000e+04
2.669516384221341521e-01 9.279665232682546048e+03 9.228057611413538325e+03 2.269000000000000000e+04
2.732605699623428253e-01 9.221607173857833914e+03 9.169999552588826191e+03 2.392000000000000000e+04
2.796050098145749785e-01 9.220115163786056655e+03 9.168507542517048932e+03 2.524600000000000000e+04
2.858914879318384394e-01 9.126978741028753575e+03 9.075371119759745852e+03 2.568400000000000000e+04
2.920995948224677785e-01 8.981877652292894709e+03 8.930270031023886986e+03 2.681600000000000000e+04
2.983507476243664192e-01 8.985320252175162750e+03 8.933712630906155027e+03 2.844000000000000000e+04
3.046505408519667446e-01 9.017981029978574952e+03 8.966373408709567229e+03 2.953800000000000000e+04
3.109471038444538982e-01 8.808667931190335366e+03 8.757060309921327644e+03 3.094400000000000000e+04
3.172476750734718465e-01 8.816406580954619130e+03 8.764798959685611408e+03 3.198000000000000000e+04
3.235400448401911655e-01 8.864532765772662970e+03 8.812925144503655247e+03 3.352600000000000000e+04
3.298240459879566155e-01 8.767535501504407875e+03 8.715927880235400153e+03 3.446400000000000000e+04
3.361484519828671913e-01 8.807611492092068147e+03 8.756003870823060424e+03 3.651400000000000000e+04
3.424245328606954630e-01 8.737709852600464728e+03 8.686102231331457006e+03 3.675800000000000000e+04
3.486779824429606656e-01 8.747837697565508279e+03 8.696230076296500556e+03 3.881000000000000000e+04
3.549863988041813134e-01 8.666772176897873578e+03 8.615164555628865855e+03 4.041000000000000000e+04
3.612333738091870750e-01 8.471023558784751003e+03 8.419415937515743281e+03 4.071400000000000000e+04
3.675042092955584372e-01 8.586610890212017694e+03 8.535003268943009971e+03 4.367000000000000000e+04
3.737994570270907757e-01 8.492175605417518454e+03 8.440567984148510732e+03 4.398600000000000000e+04
3.800864636623462745e-01 8.561510807008193296e+03 8.509903185739185574e+03 4.642800000000000000e+04
3.863718149601460539e-01 8.599725357030803934e+03 8.548117735761796212e+03 4.723600000000000000e+04
3.926652062093009543e-01 8.485837067651566031e+03 8.434229446382558308e+03 4.938600000000000000e+04
3.989690954083237040e-01 8.446350868066063413e+03 8.394743246797055690e+03 5.079600000000000000e+04
4.052314429539636831e-01 8.474061739132002913e+03 8.422454117862995190e+03 5.174000000000000000e+04
4.115238727386639761e-01 8.311101580493792426e+03 8.259493959224784703e+03 5.460200000000000000e+04
4.178033403078543762e-01 8.390274510927049050e+03 8.338666889658041327e+03 5.484400000000000000e+04
4.240515472996450597e-01 8.384002790628821458e+03 8.332395169359813735e+03 5.723200000000000000e+04
4.303677505012359350e-01 8.336821251650098930e+03 8.285213630381091207e+03 5.964800000000000000e+04
4.366726307806358953e-01 8.344907289276810843e+03 8.293299668007803120e+03 6.038400000000000000e+04
4.429228297480427012e-01 8.366057710775688975e+03 8.314450089506681252e+03 6.217000000000000000e+04
4.491736915552866916e-01 8.324654378241255472e+03 8.273046756972247749e+03 6.383200000000000000e+04
4.554569188183393291e-01 8.279883216098171033e+03 8.228275594829163310e+03 6.627200000000000000e+04
4.617788911268420060e-01 8.251808986149015254e+03 8.200201364880007532e+03 6.860400000000000000e+04
4.680995906845802912e-01 8.260387594385920238e+03 8.208779973116912515e+03 6.982400000000000000e+04
4.743866829976556287e-01 8.218244354776603359e+03 8.166636733507595636e+03 7.159800000000000000e+04
4.806701266904181979e-01 8.251297226351727659e+03 8.199689605082719936e+03 7.363400000000000000e+04
4.869464029839004060e-01 8.141772803641538303e+03 8.090165182372530580e+03 7.514600000000000000e+04
4.932051255392171929e-01 8.103109712515360116e+03 8.051502091246352393e+03 7.732800000000000000e+04
4.994696626648479909e-01 8.187464941796280982e+03 8.135857320527273259e+03 7.884800000000000000e+04
5.057193073175597631e-01 8.177677643872011686e+03 8.126070022603003963e+03 8.116400000000000000e+04
5.119989495044070527e-01 8.171314813638500709e+03 8.119707192369492986e+03 8.364400000000000000e+04
5.183159826466314790e-01 8.065121929987182739e+03 8.013514308718175016e+03 8.615600000000000000e+04
5.246107092885408107e-01 8.127191585734837645e+03 8.075583964465829922e+03 8.741000000000000000e+04
5.308819677746196009e-01 8.141697481169737330e+03 8.090089859900729607e+03 8.933800000000000000e+04
5.371663275127862569e-01 8.104247868431320057e+03 8.052640247162312335e+03 9.246200000000000000e+04
5.434900758720350167e-01 8.058239721446073418e+03 8.006632100177065695e+03 9.450400000000000000e+04
5.497699542502575420e-01 8.013024956518568615e+03 7.961417335249560892e+03 9.565800000000000000e+04
5.560083363989032357e-01 8.076960487088366790e+03 8.025352865819359067e+03 9.759800000000000000e+04
5.623114537777685884e-01 8.072050886469412035e+03 8.020443265200404312e+03 1.019620000000000000e+05
5.686318313430648308e-01 8.042783285359241745e+03 7.991175664090234022e+03 1.029860000000000000e+05
5.748997298340194906e-01 7.999116397752674857e+03 7.947508776483667134e+03 1.044280000000000000e+05
5.811784316152807106e-01 8.054212366460013982e+03 8.002604745191006259e+03 1.082760000000000000e+05
5.874623501555152894e-01 8.000591738136098684e+03 7.948984116867090961e+03 1.091300000000000000e+05
5.937358705487374433e-01 7.984735351419368271e+03 7.933127730150360549e+03 1.124920000000000000e+05
6.000132321575981642e-01 8.072899316199956957e+03 8.021291694930949234e+03 1.142380000000000000e+05
6.062764279011477742e-01 7.997575086680973072e+03 7.945967465411965350e+03 1.165200000000000000e+05
6.125579126729602253e-01 7.941661117076288974e+03 7.890053495807281251e+03 1.198680000000000000e+05
6.188758883571132685e-01 7.954630685119761438e+03 7.903023063850753715e+03 1.227600000000000000e+05
6.251574688191492424e-01 7.935798587733786007e+03 7.884190966464778285e+03 1.235740000000000000e+05
6.314078328527679140e-01 7.967349810269051886e+03 7.915742189000044164e+03 1.265060000000000000e+05
6.377090179731219610e-01 7.925005207150546994e+03 7.873397585881539271e+03 1.303720000000000000e+05
6.440064460832264359e-01 7.873426388380500612e+03 7.821818767111492889e+03 1.318120000000000000e+05
6.502830651582106603e-01 7.862302230359015994e+03 7.810694609090008271e+03 1.344920000000000000e+05
6.565805265356863263e-01 7.877329633951844698e+03 7.825722012682836976e+03 1.379620000000000000e+05
6.628599596871522781e-01 7.848423385803511337e+03 7.796815764534503614e+03 1.390120000000000000e+05
6.691298853551562731e-01 7.877003518564918522e+03 7.825395897295910800e+03 1.425480000000000000e+05
6.754222718254296876e-01 7.885885156440296669e+03 7.834277535171288946e+03 1.458880000000000000e+05
6.816939054591842906e-01 7.826457873956327603e+03 7.774850252687319880e+03 1.465620000000000000e+05
6.879709791718701117e-01 7.809217394062138737e+03 7.757609772793131015e+03 1.517500000000000000e+05
6.942614105711022443e-01 7.812773587198529640e+03 7.761165965929521917e+03 1.526260000000000000e+05
7.005365424756659909e-01 7.812180286767427788e+03 7.760572665498420065e+03 1.565860000000000000e+05
7.068233029523925959e-01 7.761439302361292903e+03 7.709831681092285180e+03 1.590780000000000000e+05
7.131225830129004351e-01 7.764627259279990540e+03 7.713019638010982817e+03 1.622900000000000000e+05
7.194106404935602939e-01 7.793468668053401416e+03 7.741861046784393693e+03 1.647700000000000000e+05
7.256916467573152341e-01 7.754251559750697197e+03 7.702643938481689474e+03 1.674660000000000000e+05
7.319862263035085137e-01 7.711924980070220045e+03 7.660317358801212322e+03 1.713680000000000000e+05
7.382778109483263407e-01 7.764330880261230050e+03 7.712723258992222327e+03 1.730960000000000000e+05
7.445474719729404667e-01 7.729194917977672958e+03 7.677587296708665235e+03 1.760120000000000000e+05
7.508031991267573035e-01 7.717005724830942199e+03 7.665398103561934477e+03 1.785720000000000000e+05
7.570835243855718044e-01 7.709615039520688697e+03 7.658007418251680974e+03 1.828740000000000000e+05
7.633725915964089115e-01 7.726523430137136529e+03 7.674915808868128806e+03 1.855560000000000000e+05
7.696559165320593365e-01 7.683233719314578593e+03 7.631626098045570870e+03 1.883800000000000000e+05
7.759472068200509165e-01 7.697786354085483254e+03 7.646178732816475531e+03 1.923620000000000000e+05
7.822420857509159164e-01 7.699498397264128471e+03 7.647890775995120748e+03 1.948920000000000000e+05
7.885501419914293653e-01 7.674429228900929047e+03 7.622821607631921324e+03 1.992240000000000000e+05
7.948038474963337041e-01 7.657642152471005829e+03 7.606034531201998107e+03 1.980620000000000000e+05
8.010520907109800470e-01 7.648095230873975197e+03 7.596487609604967474e+03 2.048760000000000000e+05
8.073556460726576400e-01 7.709069947141038938e+03 7.657462325872031215e+03 2.082080000000000000e+05
8.136472652876408640e-01 7.599365710800117995e+03 7.547758089531110272e+03 2.106380000000000000e+05
8.199328051877485812e-01 7.613468632656073169e+03 7.561861011387065446e+03 2.141460000000000000e+05
8.262092250684122119e-01 7.629633233074961936e+03 7.578025611805954213e+03 2.167700000000000000e+05
8.325052758042271739e-01 7.594348890436311194e+03 7.542741269167303471e+03 2.218980000000000000e+05
8.388116654351844836e-01 7.574580026173270198e+03 7.522972404904262476e+03 2.244000000000000000e+05
8.450849103364239667e-01 7.603504157524316724e+03 7.551896536255309002e+03 2.263060000000000000e+05
8.513462727474617742e-01 7.573270883243928438e+03 7.521663261974920715e+03 2.298240000000000000e+05
8.576284146508676987e-01 7.584149063694004326e+03 7.532541442424996603e+03 2.351900000000000000e+05
8.639203271423162578e-01 7.588902153204548085e+03 7.537294531935540363e+03 2.369960000000000000e+05
8.702001278720664645e-01 7.522010408999437459e+03 7.470402787730429736e+03 2.415680000000000000e+05
8.764772930847268828e-01 7.558218766610248167e+03 7.506611145341240444e+03 2.433340000000000000e+05
8.827715178895144676e-01 7.543118132327931562e+03 7.491510511058923839e+03 2.500580000000000000e+05
8.890536686845070813e-01 7.517607494041288192e+03 7.465999872772280469e+03 2.498260000000000000e+05
8.953222746762443673e-01 7.543026844913222703e+03 7.491419223644214981e+03 2.554020000000000000e+05
9.016064535102598088e-01 7.538389949996313590e+03 7.486782328727305867e+03 2.588880000000000000e+05
9.078934899700541461e-01 7.566294049307901332e+03 7.514686428038893609e+03 2.622400000000000000e+05
9.141879395382898066e-01 7.517247784548048912e+03 7.465640163279041190e+03 2.673220000000000000e+05
9.204870069999977478e-01 7.534879045450315061e+03 7.483271424181307339e+03 2.697820000000000000e+05
9.267634485314798498e-01 7.474208815769406101e+03 7.422601194500398378e+03 2.725480000000000000e+05
9.330398908859652840e-01 7.500771549573234552e+03 7.449163928304226829e+03 2.775220000000000000e+05
9.393419790538620751e-01 7.508767149201283246e+03 7.457159527932275523e+03 2.819920000000000000e+05
9.456138811139273015e-01 7.481543471164265611e+03 7.429935849895257888e+03 2.827100000000000000e+05
9.518752143586322045e-01 7.458466628895377653e+03 7.406859007626369930e+03 2.881620000000000000e+05
9.581565932480536896e-01 7.415980289201872438e+03 7.364372667932864715e+03 2.922500000000000000e+05
9.644556692432024736e-01 7.432997108401378682e+03 7.381389487132370959e+03 2.976780000000000000e+05
9.707473583964632002e-01 7.460315192934509469e+03 7.408707571665501746e+03 2.990500000000000000e+05
9.770167227541187716e-01 7.428557146811133862e+03 7.376949525542126139e+03 3.035940000000000000e+05
9.832935359933105968e-01 7.402967934810099905e+03 7.351360313541092182e+03 3.072180000000000000e+05
9.895688562506220753e-01 7.377948733981292207e+03 7.326341112712284485e+03 3.115520000000000000e+05
9.958591531227547478e-01 7.373564456442614755e+03 7.321956835173607033e+03 3.166400000000000000e+05
1.002144834684193242e+00 7.394282260572116684e+03 7.342674639303108961e+03 3.188100000000000000e+05
1.008417393835248532e+00 7.370204726242209290e+03 7.318597104973201567e+03 3.236140000000000000e+05
1.014706927655060875e+00 7.353080542216245703e+03 7.301472920947237981e+03 3.281640000000000000e+05
1.020995821536768045e+00 7.365220350623125341e+03 7.313612729354117619e+03 3.322980000000000000e+05
1.027277321758624629e+00 7.343163252307663242e+03 7.291555631038655520e+03 3.352360000000000000e+05
1.033577629488106275e+00 7.343072976969398042e+03 7.291465355700390319e+03 3.423460000000000000e+05
1.039864888978200064e+00 7.339618185443767288e+03 7.288010564174759566e+03 3.426120000000000000e+05
1.046131543025751398e+00 7.301765956990595441e+03 7.250158335721587719e+03 3.478080000000000000e+05
1.052408295901959612e+00 7.298332949048500268e+03 7.246725327779492545e+03 3.527840000000000000e+05
1.058689459756216866e+00 7.305273169013149527e+03 7.253665547744141804e+03 3.560160000000000000e+05
1.064973476309879485e+00 7.307064097089873030e+03 7.255456475820865307e+03 3.617640000000000000e+05
1.071260228414355753e+00 7.319251182769709885e+03 7.267643561500702162e+03 3.652380000000000000e+05
1.077547506273993205e+00 7.267741275696768753e+03 7.216133654427761030e+03 3.698500000000000000e+05
1.083834594251098959e+00 7.259209195827446820e+03 7.207601574558439097e+03 3.744400000000000000e+05
1.090123338753580029e+00 7.257455492878313635e+03 7.205847871609305912e+03 3.779460000000000000e+05
1.096402047628067811e+00 7.264919421430974580e+03 7.213311800161966858e+03 3.828480000000000000e+05
1.102686734177269923e+00 7.258517636147450503e+03 7.206910014878442780e+03 3.870080000000000000e+05
1.108974905272321010e+00 7.232540864659102226e+03 7.180933243390094503e+03 3.918200000000000000e+05
1.115240505002667248e+00 7.223879480607230107e+03 7.172271859338222384e+03 3.936120000000000000e+05
1.121510968507875017e+00 7.205974841275155086e+03 7.154367220006147363e+03 4.007140000000000000e+05
1.127801000874616433e+00 7.193722850005375221e+03 7.142115228736367499e+03 4.057940000000000000e+05
1.134097027651290723e+00 7.207544634227141614e+03 7.155937012958133892e+03 4.099040000000000000e+05
1.140372932967484543e+00 7.209594417992710987e+03 7.157986796723703264e+03 4.124720000000000000e+05
1.146644399550673876e+00 7.185104272267720262e+03 7.133496650998712539e+03 4.185640000000000000e+05
1.152943533572619028e+00 7.174818108041711639e+03 7.123210486772703916e+03 4.250340000000000000e+05
1.159234629937837324e+00 7.177211116746623702e+03 7.125603495477615979e+03 4.270920000000000000e+05
1.165519427699577504e+00 7.156203437455274070e+03 7.104595816186266347e+03 4.331780000000000000e+05
1.171801113533186500e+00 7.110559052044385680e+03 7.058951430775377958e+03 4.360040000000000000e+05
1.178090415441370498e+00 7.151033584995485398e+03 7.099425963726477676e+03 4.439880000000000000e+05
1.184382922568056218e+00 7.125035840441963956e+03 7.073428219172956233e+03 4.453300000000000000e+05
1.190653318049772258e+00 7.097174888739695234e+03 7.045567267470687511e+03 4.508360000000000000e+05
1.196918726837574054e+00 7.089670188390908152e+03 7.038062567121900429e+03 4.537220000000000000e+05
1.203203941861949566e+00 7.091579033117361178e+03 7.039971411848353455e+03 4.634540000000000000e+05
1.209492404352916051e+00 7.080569961947466254e+03 7.028962340678458531e+03 4.638000000000000000e+05
1.215771355333522763e+00 7.091126675760195212e+03 7.039519054491187489e+03 4.715780000000000000e+05
1.222064664468862416e+00 7.079571665815419692e+03 7.027964044546411969e+03 4.760860000000000000e+05
1.228353922954420918e+00 7.064719841015493330e+03 7.013112219746485607e+03 4.800280000000000000e+05
1.234638470013954770e+00 7.068193773590127421e+03 7.016586152321119698e+03 4.861600000000000000e+05
1.240913261509356103e+00 7.055592470325678732e+03 7.003984849056671010e+03 4.877540000000000000e+05
1.247188250643475937e+00 7.040890922976157526e+03 6.989283301707149803e+03 4.961340000000000000e+05
1.253473069443996613e+00 7.047597843815960914e+03 6.995990222546953191e+03 4.994820000000000000e+05
1.259761898162141902e+00 6.986348056325066864e+03 6.934740435056059141e+03 5.065000000000000000e+05
1.266044124118156144e+00 6.997765778033406605e+03 6.946158156764398882e+03 5.091880000000000000e+05
1.272325893222376436e+00 6.996278898279958412e+03 6.944671277010950689e+03 5.154900000000000000e+05
1.278614164208257353e+00 7.002672943340236998e+03 6.951065322071229275e+03 5.212680000000000000e+05
1.284892611208029889e+00 6.948387689202555521e+03 6.896780067933547798e+03 5.238700000000000000e+05
1.291183645279231351e+00 6.957686654586436816e+03 6.906079033317429094e+03 5.336400000000000000e+05
1.297481503837926153e+00 6.953054982354133244e+03 6.901447361085125522e+03 5.355220000000000000e+05
1.303753723784867535e+00 6.960265964402407008e+03 6.908658343133399285e+03 5.391000000000000000e+05
1.310018983865986586e+00 6.938746778395128786e+03 6.887139157126121063e+03 5.455720000000000000e+05
1.316308510930670250e+00 6.933439674733815991e+03 6.881832053464808268e+03 5.530760000000000000e+05
1.322598362398576421e+00 6.908135796204935104e+03 6.856528174935927382e+03 5.564880000000000000e+05
1.328872053478450166e+00 6.930204635334711384e+03 6.878597014065703661e+03 5.606140000000000000e+05
1.335152188378053495e+00 6.893610174600149548e+03 6.842002553331141826e+03 5.684260000000000000e+05
1.341449661995184561e+00 6.892629015164379780e+03 6.841021393895372057e+03 5.746600000000000000e+05
1.347738927854007729e+00 6.900111885654928301e+03 6.848504264385920578e+03 5.770720000000000000e+05
1.354008700766087481e+00 6.872461301618355719e+03 6.820853680349347997e+03 5.822700000000000000e+05
1.360289660314967009e+00 6.854574171840918098e+03 6.802966550571910375e+03 5.901560000000000000e+05
1.366572251586567699e+00 6.843365001126307106e+03 6.791757379857299384e+03 5.928000000000000000e+05
1.372860453050388063e+00 6.849442505259662539e+03 6.797834883990654816e+03 6.027740000000000000e+05
1.379145023090685429e+00 6.840817896441968514e+03 6.789210275172960792e+03 6.026980000000000000e+05
1.385414535762269361e+00 6.828595576236755733e+03 6.776987954967748010e+03 6.111620000000000000e+05
1.391706524900663045e+00 6.813964534909383474e+03 6.762356913640375751e+03 6.180140000000000000e+05
1.397995531958892590e+00 6.795248823234795964e+03 6.743641201965788241e+03 6.215880000000000000e+05
1.404274192284941769e+00 6.797837955264733864e+03 6.746230333995726141e+03 6.277440000000000000e+05
1.410561555672766865e+00 6.779852303830403798e+03 6.728244682561396075e+03 6.335400000000000000e+05
1.416846912008939086e+00 6.766748784561564207e+03 6.715141163292556485e+03 6.397320000000000000e+05
1.423125133292065136e+00 6.776819409327761605e+03 6.725211788058753882e+03 6.426020000000000000e+05
1.429404784151020458e+00 6.748743173428456430e+03 6.697135552159448707e+03 6.518900000000000000e+05
1.435691047292837252e+00 6.740757982250089299e+03 6.689150360981081576e+03 6.552160000000000000e+05
1.441980674135391771e+00 6.762705428234778083e+03 6.711097806965770360e+03 6.637680000000000000e+05
1.448270256156670488e+00 6.729222744846839305e+03 6.677615123577831582e+03 6.676260000000000000e+05
1.454546622628224650e+00 6.717760526301810387e+03 6.666152905032802664e+03 6.716420000000000000e+05
1.460820715374602674e+00 6.712040352173985411e+03 6.660432730904977689e+03 6.794060000000000000e+05
1.467116879073512736e+00 6.690989879832510269e+03 6.639382258563502546e+03 6.874520000000000000e+05
1.473402996227505257e+00 6.688151863937490816e+03 6.636544242668483093e+03 6.894720000000000000e+05
1.479676491952220729e+00 6.682478718095731892e+03 6.630871096826724170e+03 6.966860000000000000e+05
1.485967553866846869e+00 6.684249716661914135e+03 6.632642095392906413e+03 7.043380000000000000e+05
1.492246821535899048e+00 6.662244735698484874e+03 6.610637114429477151e+03 7.067400000000000000e+05
1.498509554578234537e+00 6.644647689004118547e+03 6.593040067735110824e+03 7.122360000000000000e+05
1.504789768773060477e+00 6.656512740233053592e+03 6.604905118964045869e+03 7.226580000000000000e+05
1.511081932996167110e+00 6.630159039679497255e+03 6.578551418410489532e+03 7.268980000000000000e+05
1.517368266691215162e+00 6.641448245222955848e+03 6.589840623953948125e+03 7.332820000000000000e+05
1.523654636026075648e+00 6.612479168648686027e+03 6.560871547379678304e+03 7.396640000000000000e+05
1.529943441059384845e+00 6.603870139923615170e+03 6.552262518654607447e+03 7.455940000000000000e+05
1.536239025868725072e+00 6.591022234243507228e+03 6.539414612974499505e+03 7.536480000000000000e+05
1.542520371859912531e+00 6.573520973830990442e+03 6.521913352561982720e+03 7.545420000000000000e+05
1.548788934475642254e+00 6.591403300938299253e+03 6.539795679669291530e+03 7.626580000000000000e+05
1.555076717032853217e+00 6.576550006573515020e+03 6.524942385304507297e+03 7.721700000000000000e+05
1.561367597618051883e+00 6.541776893041710537e+03 6.490169271772702814e+03 7.751460000000000000e+05
1.567640799474913083e+00 6.558667530353664915e+03 6.507059909084657193e+03 7.806720000000000000e+05
1.573918091021587307e+00 6.530952211951442223e+03 6.479344590682434500e+03 7.887520000000000000e+05
1.580208770922777894e+00 6.534502314540766747e+03 6.482894693271759024e+03 7.962340000000000000e+05
1.586494501348699515e+00 6.513125424242723057e+03 6.461517802973715334e+03 8.007500000000000000e+05
1.592767039126987694e+00 6.502026183607104031e+03 6.450418562338096308e+03 8.048100000000000000e+05
1.599052488140243256e+00 6.497172240933759895e+03 6.445564619664752172e+03 8.176280000000000000e+05
1.605347362928585930e+00 6.484148346240209321e+03 6.432540724971201598e+03 8.192580000000000000e+05
1.611624469631112389e+00 6.486499951064483867e+03 6.434892329795476144e+03 8.265800000000000000e+05
1.617906873560414516e+00 6.471916632091009888e+03 6.420309010822002165e+03 8.332260000000000000e+05
1.624193727299755308e+00 6.461969608465892634e+03 6.410361987196884911e+03 8.401780000000000000e+05
1.630471782443348783e+00 6.436854682912075987e+03 6.385247061643068264e+03 8.448300000000000000e+05
1.636760164716084098e+00 6.438968452844933381e+03 6.387360831575925658e+03 8.551300000000000000e+05
1.643043464683600297e+00 6.416445891977935389e+03 6.364838270708927666e+03 8.575060000000000000e+05
1.649316977887778979e+00 6.407111006620384615e+03 6.355503385351376892e+03 8.644800000000000000e+05
1.655599056937107516e+00 6.410795008888987468e+03 6.359187387619979745e+03 8.738480000000000000e+05
1.661884166769115767e+00 6.391857232137378560e+03 6.340249610868370837e+03 8.783400000000000000e+05
1.668176504354522471e+00 6.388844035990683551e+03 6.337236414721675828e+03 8.889200000000000000e+05
1.674458683878514931e+00 6.382844915967063571e+03 6.331237294698055848e+03 8.893580000000000000e+05
1.680728630093367038e+00 6.372778491618048974e+03 6.321170870349041252e+03 8.981800000000000000e+05
1.687019939142594183e+00 6.357484867431717248e+03 6.305877246162709525e+03 9.095840000000000000e+05
1.693318824324689276e+00 6.344299303977764794e+03 6.292691682708757071e+03 9.136000000000000000e+05
1.699588010948696493e+00 6.326350568120303251e+03 6.274742946851295528e+03 9.141300000000000000e+05
1.705865055857039181e+00 6.315737506687611130e+03 6.264129885418603408e+03 9.300560000000000000e+05
1.712165335543606837e+00 6.303990126426998359e+03 6.252382505157990636e+03 9.342660000000000000e+05
1.718451221796237549e+00 6.305128348160797941e+03 6.253520726891790218e+03 9.398780000000000000e+05
1.724725883597690634e+00 6.308989763131259679e+03 6.257382141862251956e+03 9.443780000000000000e+05
1.731001460952539039e+00 6.281521637785937855e+03 6.229914016516930133e+03 9.535880000000000000e+05
1.737293076086154020e+00 6.265997105433940305e+03 6.214389484164932583e+03 9.640360000000000000e+05
1.743575012025098125e+00 6.254241927638317065e+03 6.202634306369309343e+03 9.634900000000000000e+05
1.749853765858601529e+00 6.251732465616416448e+03 6.200124844347408725e+03 9.778260000000000000e+05
1.756139760422475327e+00 6.239536583729687663e+03 6.187928962460679941e+03 9.793740000000000000e+05
1.762418064231706216e+00 6.222370721557522302e+03 6.170763100288514579e+03 9.891060000000000000e+05
1.768704373978918332e+00 6.226214548594921325e+03 6.174606927325913603e+03 9.968660000000000000e+05
1.774989017499519983e+00 6.202708902138501799e+03 6.151101280869494076e+03 1.001708000000000000e+06
1.781271339834514134e+00 6.195794450337493799e+03 6.144186829068486077e+03 1.011292000000000000e+06
1.787557810851539308e+00 6.185718111126231634e+03 6.134110489857223911e+03 1.016394000000000000e+06
1.793844465061326554e+00 6.191992508708453897e+03 6.140384887439446175e+03 1.026530000000000000e+06
1.800123882125254315e+00 6.162675163920645900e+03 6.111067542651638178e+03 1.028166000000000000e+06
1.806399855932671716e+00 6.167712799643932158e+03 6.116105178374924435e+03 1.039020000000000000e+06
1.812677292178102029e+00 6.126188103318706453e+03 6.074580482049698730e+03 1.044114000000000000e+06
1.818962554020154831e+00 6.150588642032240386e+03 6.098981020763232664e+03 1.055160000000000000e+06
1.825254388213496393e+00 6.126216367424669443e+03 6.074608746155661720e+03 1.061910000000000000e+06
1.831535832002544106e+00 6.116500499391235280e+03 6.064892878122227557e+03 1.065538000000000000e+06
1.837815550403961051e+00 6.097212353803162841e+03 6.045604732534155119e+03 1.075850000000000000e+06
1.844109001519104174e+00 6.087696034250341654e+03 6.036088412981333931e+03 1.085614000000000000e+06
1.850394624542057054e+00 6.082661968864979826e+03 6.031054347595972104e+03 1.087722000000000000e+06
1.856670888758223281e+00 6.069986644957746648e+03 6.018379023688738926e+03 1.096876000000000000e+06
1.862955904437998855e+00 6.045500261808666437e+03 5.993892640539658714e+03 1.105496000000000000e+06
1.869239093965251008e+00 6.060962967707023381e+03 6.009355346438015658e+03 1.111720000000000000e+06
1.875524551422873554e+00 6.040472576553362160e+03 5.988864955284354437e+03 1.121280000000000000e+06
1.881807982104247490e+00 6.016934246170280858e+03 5.965326624901273135e+03 1.125186000000000000e+06
1.888084182640285436e+00 6.023856945664913837e+03 5.972249324395906115e+03 1.134232000000000000e+06
1.894359184767357762e+00 6.007904131357233382e+03 5.956296510088225659e+03 1.139920000000000000e+06
1.900652335243679270e+00 6.004773985666637600e+03 5.953166364397629877e+03 1.156084000000000000e+06
1.906941434140952518e+00 5.984202663670579568e+03 5.932595042401571845e+03 1.153348000000000000e+06
1.913211010588978134e+00 5.965466948781770043e+03 5.913859327512762320e+03 1.163962000000000000e+06
1.919497353804973994e+00 5.972652478355963467e+03 5.921044857086955744e+03 1.175698000000000000e+06
1.925784376717101232e+00 5.947927816526518654e+03 5.896320195257510932e+03 1.178618000000000000e+06
1.932070295894139811e+00 5.934058431550391106e+03 5.882450810281383383e+03 1.191414000000000000e+06
1.938347681358776109e+00 5.930958137362982598e+03 5.879350516093974875e+03 1.190388000000000000e+06
1.944622715438230065e+00 5.918701693325347151e+03 5.867094072056339428e+03 1.205992000000000000e+06
1.950912101770938545e+00 5.909345269098343124e+03 5.857737647829335401e+03 1.212094000000000000e+06
1.957200170150135810e+00 5.915966566160093862e+03 5.864358944891086139e+03 1.220074000000000000e+06
1.963483156116985873e+00 5.896518421400833176e+03 5.844910800131825454e+03 1.226826000000000000e+06
1.969764663919415071e+00 5.872273099515909962e+03 5.820665478246902239e+03 1.234274000000000000e+06
1.976058795452903194e+00 5.872169415692708753e+03 5.820561794423701031e+03 1.248286000000000000e+06
1.982347818239277082e+00 5.854720487336770020e+03 5.803112866067762297e+03 1.247764000000000000e+06
1.988621905801704060e+00 5.845973921769324079e+03 5.794366300500316356e+03 1.258144000000000000e+06
1.994901683859673147e+00 5.830680110504352342e+03 5.779072489235344619e+03 1.266462000000000000e+06
2.001185568350352106e+00 5.832199467217454185e+03 5.780591845948446462e+03 1.274682000000000000e+06
2.007463530968069509e+00 5.811870639965256487e+03 5.760263018696248764e+03 1.281282000000000000e+06
2.013743684507833809e+00 5.793709475071190354e+03 5.742101853802182632e+03 1.290814000000000000e+06
2.020026468512655438e+00 5.790851941352804715e+03 5.739244320083796993e+03 1.298642000000000000e+06
2.026317940332479139e+00 5.770818565359895729e+03 5.719210944090888006e+03 1.310514000000000000e+06
2.032605346556254133e+00 5.771111333367347470e+03 5.719503712098339747e+03 1.313348000000000000e+06
2.038876250754864561e+00 5.757216084283881173e+03 5.705608463014873450e+03 1.320124000000000000e+06
2.045156862230546491e+00 5.757508095428227534e+03 5.705900474159219812e+03 1.333076000000000000e+06
2.051450376459333036e+00 5.738876271052145057e+03 5.687268649783137334e+03 1.342160000000000000e+06
2.057735646516794858e+00 5.721444561745550345e+03 5.669836940476542622e+03 1.346470000000000000e+06
2.064019658255301426e+00 5.719494983119758217e+03 5.667887361850750494e+03 1.357668000000000000e+06
2.070309709613492366e+00 5.709355726027682067e+03 5.657748104758674344e+03 1.365808000000000000e+06
2.076598642179291243e+00 5.698785155711979314e+03 5.647177534442971591e+03 1.373258000000000000e+06
2.082870032339927402e+00 5.684948568321676248e+03 5.633340947052668525e+03 1.375392000000000000e+06
2.089134787055322295e+00 5.660586460531412740e+03 5.608978839262405018e+03 1.386994000000000000e+06
2.095425627190938389e+00 5.665026567589258775e+03 5.613418946320251052e+03 1.402688000000000000e+06
2.101711371004562512e+00 5.649918182802808587e+03 5.598310561533800865e+03 1.402456000000000000e+06
2.107989648687532469e+00 5.638394280371171590e+03 5.586786659102163867e+03 1.415562000000000000e+06
2.114274413323816493e+00 5.626758316135654240e+03 5.575150694866646518e+03 1.423152000000000000e+06
2.120557238443375958e+00 5.633253161104705214e+03 5.581645539835697491e+03 1.430474000000000000e+06
2.126845280632974067e+00 5.597497407426967584e+03 5.545889786157959861e+03 1.442654000000000000e+06
2.133128554780450159e+00 5.608184709684380323e+03 5.556577088415372600e+03 1.446292000000000000e+06
2.139412332467919065e+00 5.586472054574902359e+03 5.534864433305894636e+03 1.458674000000000000e+06
2.145698003662099396e+00 5.575243487632704273e+03 5.523635866363696550e+03 1.465518000000000000e+06
2.151977195668531184e+00 5.549929085214003862e+03 5.498321463944996140e+03 1.471640000000000000e+06
2.158263209952423267e+00 5.543741776788184325e+03 5.492134155519176602e+03 1.486868000000000000e+06
2.164552162632372490e+00 5.542643860849897465e+03 5.491036239580889742e+03 1.490076000000000000e+06
2.170839225012531681e+00 5.537631261842593631e+03 5.486023640573585908e+03 1.502730000000000000e+06
2.177120082977427540e+00 5.524774643748372000e+03 5.473167022479364277e+03 1.505460000000000000e+06
2.183393121055990260e+00 5.511404679312809094e+03 5.459797058043801371e+03 1.515192000000000000e+06
2.189672152712972331e+00 5.505941109080662500e+03 5.454333487811654777e+03 1.527176000000000000e+06
2.195961755713628616e+00 5.487331491817242750e+03 5.435723870548235027e+03 1.536762000000000000e+06
2.202246728716700463e+00 5.475667194806271254e+03 5.424059573537263532e+03 1.542760000000000000e+06
2.208524403202436037e+00 5.472726385932048288e+03 5.421118764663040565e+03 1.550958000000000000e+06
2.214806392550185965e+00 5.446761495018910864e+03 5.395153873749903141e+03 1.562242000000000000e+06
2.221097232089587870e+00 5.449391425799918579e+03 5.397783804530910857e+03 1.573636000000000000e+06
2.227379738633999295e+00 5.445266795985818135e+03 5.393659174716810412e+03 1.575424000000000000e+06
2.233661892530534487e+00 5.416050804879500902e+03 5.364443183610493179e+03 1.591318000000000000e+06
2.239944725315571095e+00 5.414445401503851826e+03 5.362837780234844104e+03 1.593836000000000000e+06
2.246225895079906554e+00 5.411855668930789761e+03 5.360248047661782039e+03 1.608032000000000000e+06
2.252509804346050082e+00 5.398078315333501450e+03 5.346470694064493728e+03 1.613848000000000000e+06
2.258786271982848870e+00 5.381567505882667319e+03 5.329959884613659597e+03 1.621344000000000000e+06
2.265071686104545012e+00 5.369395827204257330e+03 5.317788205935249607e+03 1.636986000000000000e+06
2.271353283744287577e+00 5.361415102811778524e+03 5.309807481542770802e+03 1.637896000000000000e+06
2.277641683762936520e+00 5.349370063924741771e+03 5.297762442655734048e+03 1.657744000000000000e+06
2.283930104798850280e+00 5.326957841355855635e+03 5.275350220086847912e+03 1.657162000000000000e+06
2.290207926740317035e+00 5.334202713377449072e+03 5.282595092108441349e+03 1.669282000000000000e+06
2.296494840186173114e+00 5.318606386431893043e+03 5.266998765162885320e+03 1.681784000000000000e+06
2.302772905700670947e+00 5.315296357785227883e+03 5.263688736516220160e+03 1.681712000000000000e+06
2.309052374557129195e+00 5.296985153963666562e+03 5.245377532694658839e+03 1.701460000000000000e+06
2.315343134461879337e+00 5.282025654121079242e+03 5.230418032852071519e+03 1.706278000000000000e+06
2.321633141999085659e+00 5.286824931596665920e+03 5.235217310327658197e+03 1.719040000000000000e+06
2.327916355392010139e+00 5.264108103916813889e+03 5.212500482647806166e+03 1.722426000000000000e+06
2.334190722001127316e+00 5.255196189974202753e+03 5.203588568705195030e+03 1.731242000000000000e+06
2.340473130334892460e+00 5.247498294669363531e+03 5.195890673400355809e+03 1.746678000000000000e+06
2.346761369860457247e+00 5.237555206138704307e+03 5.185947584869696584e+03 1.752724000000000000e+06
2.353047769056515470e+00 5.222935627562298578e+03 5.171328006293290855e+03 1.764314000000000000e+06
2.359330397319757022e+00 5.214337519562815032e+03 5.162729898293807310e+03 1.770156000000000000e+06
2.365605034054369060e+00 5.205366855654967367e+03 5.153759234385959644e+03 1.777436000000000000e+06
2.371891455909768354e+00 5.201676723958584262e+03 5.150069102689576539e+03 1.797104000000000000e+06
2.378179546072414663e+00 5.190152254202260337e+03 5.138544632933252615e+03 1.796398000000000000e+06
2.384457586600779333e+00 5.169040895238850680e+03 5.117433273969842958e+03 1.810884000000000000e+06
2.390743123140302018e+00 5.158718116648984505e+03 5.107110495379976783e+03 1.819896000000000000e+06
2.397020324856477647e+00 5.139820716079678277e+03 5.088213094810670555e+03 1.824020000000000000e+06
2.403297352078177518e+00 5.139798236561663543e+03 5.088190615292655821e+03 1.840406000000000000e+06
