# # logM, Nhalos, Ncen, Nsat
1.002500000000000036e+01 0.000000000000000000e+00 0.000000000000000000e+00 0.000000000000000000e+00
1.007500000000000107e+01 0.000000000000000000e+00 0.000000000000000000e+00 0.000000000000000000e+00
1.012500000000000178e+01 0.000000000000000000e+00 0.000000000000000000e+00 0.000000000000000000e+00
1.017500000000000249e+01 0.000000000000000000e+00 0.000000000000000000e+00 0.000000000000000000e+00
1.022500000000000320e+01 0.000000000000000000e+00 0.000000000000000000e+00 0.000000000000000000e+00
1.027500000000000391e+01 0.000000000000000000e+00 0.000000000000000000e+00 0.000000000000000000e+00
1.032500000000000462e+01 0.000000000000000000e+00 0.000000000000000000e+00 0.000000000000000000e+00
1.037500000000000533e+01 0.000000000000000000e+00 0.000000000000000000e+00 0.000000000000000000e+00
1.042500000000000604e+01 0.000000000000000000e+00 0.000000000000000000e+00 0.000000000000000000e+00
1.047500000000000675e+01 0.000000000000000000e+00 0.000000000000000000e+00 0.000000000000000000e+00
1.052500000000000746e+01 0.000000000000000000e+00 0.000000000000000000e+00 0.000000000000000000e+00
1.057500000000000817e+01 0.000000000000000000e+00 0.000000000000000000e+00 0.000000000000000000e+00
1.062500000000000888e+01 0.000000000000000000e+00 0.000000000000000000e+00 0.000000000000000000e+00
1.067500000000000959e+01 0.000000000000000000e+00 0.000000000000000000e+00 0.000000000000000000e+00
1.072500000000001030e+01 0.000000000000000000e+00 0.000000000000000000e+00 0.000000000000000000e+00
1.077500000000001101e+01 0.000000000000000000e+00 0.000000000000000000e+00 0.000000000000000000e+00
1.082500000000001172e+01 0.000000000000000000e+00 0.000000000000000000e+00 0.000000000000000000e+00
1.087500000000001243e+01 0.000000000000000000e+00 0.000000000000000000e+00 0.000000000000000000e+00
1.092500000000001315e+01 0.000000000000000000e+00 0.000000000000000000e+00 0.000000000000000000e+00
1.097500000000001386e+01 0.000000000000000000e+00 0.000000000000000000e+00 0.000000000000000000e+00
1.102500000000001457e+01 0.000000000000000000e+00 0.000000000000000000e+00 0.000000000000000000e+00
1.107500000000001528e+01 0.000000000000000000e+00 0.000000000000000000e+00 0.000000000000000000e+00
1.112500000000001599e+01 0.000000000000000000e+00 0.000000000000000000e+00 0.000000000000000000e+00
1.117500000000001670e+01 0.000000000000000000e+00 0.000000000000000000e+00 0.000000000000000000e+00
1.122500000000001741e+01 0.000000000000000000e+00 0.000000000000000000e+00 0.000000000000000000e+00
1.127500000000001812e+01 0.000000000000000000e+00 0.000000000000000000e+00 0.000000000000000000e+00
1.132500000000001883e+01 1.814735000000000000e+06 3.843200000000000000e+05 0.000000000000000000e+00
1.137500000000001954e+01 1.592818000000000000e+06 3.900620000000000000e+05 0.000000000000000000e+00
1.142500000000002025e+01 1.396685000000000000e+06 3.864710000000000000e+05 0.000000000000000000e+00
1.147500000000002096e+01 1.306757000000000000e+06 3.605690000000000000e+05 0.000000000000000000e+00
1.152500000000002167e+01 1.159196000000000000e+06 3.553860000000000000e+05 0.000000000000000000e+00
1.157500000000002238e+01 1.048146000000000000e+06 3.542440000000000000e+05 0.000000000000000000e+00
1.162500000000002309e+01 9.351460000000000000e+05 3.252510000000000000e+05 0.000000000000000000e+00
1.167500000000002380e+01 8.321280000000000000e+05 3.130110000000000000e+05 0.000000000000000000e+00
1.172500000000002451e+01 7.584950000000000000e+05 3.047450000000000000e+05 0.000000000000000000e+00
1.177500000000002522e+01 6.849960000000000000e+05 2.890920000000000000e+05 0.000000000000000000e+00
1.182500000000002593e+01 6.184670000000000000e+05 2.759660000000000000e+05 0.000000000000000000e+00
1.187500000000002665e+01 5.542040000000000000e+05 2.591720000000000000e+05 0.000000000000000000e+00
1.192500000000002736e+01 5.024880000000000000e+05 2.491430000000000000e+05 0.000000000000000000e+00
1.197500000000002807e+01 4.488500000000000000e+05 2.326290000000000000e+05 1.478000000000000000e+03
1.202500000000002878e+01 4.070880000000000000e+05 2.178780000000000000e+05 4.996000000000000000e+03
1.207500000000002949e+01 3.664720000000000000e+05 2.075740000000000000e+05 1.002200000000000000e+04
1.212500000000003020e+01 3.289540000000000000e+05 1.936420000000000000e+05 1.592300000000000000e+04
1.217500000000003091e+01 2.972240000000000000e+05 1.781360000000000000e+05 2.177700000000000000e+04
1.222500000000003162e+01 2.677200000000000000e+05 1.681120000000000000e+05 3.127100000000000000e+04
1.227500000000003233e+01 2.411270000000000000e+05 1.582240000000000000e+05 4.222100000000000000e+04
1.232500000000003304e+01 2.187910000000000000e+05 1.462780000000000000e+05 5.105300000000000000e+04
1.237500000000003375e+01 1.952530000000000000e+05 1.341050000000000000e+05 6.332900000000000000e+04
1.242500000000003446e+01 1.759940000000000000e+05 1.266920000000000000e+05 8.261100000000000000e+04
1.247500000000003517e+01 1.586110000000000000e+05 1.158170000000000000e+05 9.310900000000000000e+04
1.252500000000003588e+01 1.423250000000000000e+05 1.056580000000000000e+05 1.020020000000000000e+05
1.257500000000003659e+01 1.283840000000000000e+05 9.986800000000000000e+04 1.339860000000000000e+05
1.262500000000003730e+01 1.153260000000000000e+05 9.068800000000000000e+04 1.444880000000000000e+05
1.267500000000003801e+01 1.033650000000000000e+05 8.243300000000000000e+04 1.549020000000000000e+05
1.272500000000003872e+01 9.348800000000000000e+04 7.671600000000000000e+04 1.846350000000000000e+05
1.277500000000003944e+01 8.374700000000000000e+04 7.009600000000000000e+04 2.038200000000000000e+05
1.282500000000004015e+01 7.536600000000000000e+04 6.385700000000000000e+04 2.100390000000000000e+05
1.287500000000004086e+01 6.748400000000000000e+04 5.807300000000000000e+04 2.274020000000000000e+05
1.292500000000004157e+01 6.031600000000000000e+04 5.335100000000000000e+04 2.593440000000000000e+05
1.297500000000004228e+01 5.400200000000000000e+04 4.793600000000000000e+04 2.633110000000000000e+05
1.302500000000004299e+01 4.858700000000000000e+04 4.330700000000000000e+04 2.618200000000000000e+05
1.307500000000004370e+01 4.327700000000000000e+04 3.961400000000000000e+04 3.101700000000000000e+05
1.312500000000004441e+01 3.859900000000000000e+04 3.559100000000000000e+04 3.080320000000000000e+05
1.317500000000004512e+01 3.440800000000000000e+04 3.188800000000000000e+04 3.012750000000000000e+05
1.322500000000004583e+01 3.064500000000000000e+04 2.873900000000000000e+04 3.196770000000000000e+05
1.327500000000004654e+01 2.766800000000000000e+04 2.622200000000000000e+04 3.517770000000000000e+05
1.332500000000004725e+01 2.432900000000000000e+04 2.311500000000000000e+04 3.327540000000000000e+05
1.337500000000004796e+01 2.176100000000000000e+04 2.083200000000000000e+04 3.204310000000000000e+05
1.342500000000004867e+01 1.931100000000000000e+04 1.864900000000000000e+04 3.664500000000000000e+05
1.347500000000004938e+01 1.708800000000000000e+04 1.657300000000000000e+04 3.531230000000000000e+05
1.352500000000005009e+01 1.497700000000000000e+04 1.454500000000000000e+04 3.328860000000000000e+05
1.357500000000005080e+01 1.321500000000000000e+04 1.289800000000000000e+04 3.414370000000000000e+05
1.362500000000005151e+01 1.150600000000000000e+04 1.129100000000000000e+04 3.596120000000000000e+05
1.367500000000005222e+01 1.038900000000000000e+04 1.022100000000000000e+04 3.410600000000000000e+05
1.372500000000005294e+01 8.938000000000000000e+03 8.807000000000000000e+03 3.152320000000000000e+05
1.377500000000005365e+01 7.968000000000000000e+03 7.882000000000000000e+03 3.626050000000000000e+05
1.382500000000005436e+01 6.874000000000000000e+03 6.815000000000000000e+03 3.505710000000000000e+05
1.387500000000005507e+01 5.840000000000000000e+03 5.786000000000000000e+03 3.032190000000000000e+05
1.392500000000005578e+01 5.130000000000000000e+03 5.085000000000000000e+03 2.831850000000000000e+05
1.397500000000005649e+01 4.426000000000000000e+03 4.409000000000000000e+03 3.256810000000000000e+05
1.402500000000005720e+01 3.838000000000000000e+03 3.820000000000000000e+03 2.915590000000000000e+05
1.407500000000005791e+01 3.283000000000000000e+03 3.275000000000000000e+03 2.673680000000000000e+05
1.412500000000005862e+01 2.827000000000000000e+03 2.817000000000000000e+03 2.711120000000000000e+05
1.417500000000005933e+01 2.392000000000000000e+03 2.387000000000000000e+03 2.713130000000000000e+05
1.422500000000006004e+01 2.037000000000000000e+03 2.035000000000000000e+03 2.497520000000000000e+05
1.427500000000006075e+01 1.781000000000000000e+03 1.779000000000000000e+03 2.257480000000000000e+05
1.432500000000006146e+01 1.423000000000000000e+03 1.423000000000000000e+03 2.368310000000000000e+05
1.437500000000006217e+01 1.203000000000000000e+03 1.203000000000000000e+03 2.192600000000000000e+05
1.442500000000006288e+01 9.930000000000000000e+02 9.910000000000000000e+02 1.867090000000000000e+05
1.447500000000006359e+01 8.130000000000000000e+02 8.130000000000000000e+02 1.804830000000000000e+05
1.452500000000006430e+01 0.000000000000000000e+00 0.000000000000000000e+00 0.000000000000000000e+00
1.457500000000006501e+01 0.000000000000000000e+00 0.000000000000000000e+00 0.000000000000000000e+00
1.462500000000006573e+01 0.000000000000000000e+00 0.000000000000000000e+00 0.000000000000000000e+00
1.467500000000006644e+01 0.000000000000000000e+00 0.000000000000000000e+00 0.000000000000000000e+00
1.472500000000006715e+01 0.000000000000000000e+00 0.000000000000000000e+00 0.000000000000000000e+00
1.477500000000006786e+01 0.000000000000000000e+00 0.000000000000000000e+00 0.000000000000000000e+00
1.482500000000006857e+01 0.000000000000000000e+00 0.000000000000000000e+00 0.000000000000000000e+00
1.487500000000006928e+01 0.000000000000000000e+00 0.000000000000000000e+00 0.000000000000000000e+00
1.492500000000006999e+01 0.000000000000000000e+00 0.000000000000000000e+00 0.000000000000000000e+00
1.497500000000007070e+01 0.000000000000000000e+00 0.000000000000000000e+00 0.000000000000000000e+00
1.502500000000007141e+01 0.000000000000000000e+00 0.000000000000000000e+00 0.000000000000000000e+00
