# # k, P(k),P(k)-shotnoise, Nmodes
8.899641224696953554e-03 1.706865079525140754e+04 1.690648330347654337e+04 2.600000000000000000e+01
1.507912216506558135e-02 1.961924765951851077e+04 1.945708016774364660e+04 6.600000000000000000e+01
2.144790186456837014e-02 1.863656163166308761e+04 1.847439413988822344e+04 1.580000000000000000e+02
2.792609073416789378e-02 1.783967647661031879e+04 1.767750898483545461e+04 2.400000000000000000e+02
3.439458802618463457e-02 1.457477089185578006e+04 1.441260340008091589e+04 4.040000000000000000e+02
4.063552503253392567e-02 1.170601600618040356e+04 1.154384851440553939e+04 4.920000000000000000e+02
4.685273545737825979e-02 1.064794747045892109e+04 1.048577997868405691e+04 7.160000000000000000e+02
5.308225101765943338e-02 9.718922464857445448e+03 9.556754973082581273e+03 8.660000000000000000e+02
5.947086026992840641e-02 8.557163447656377684e+03 8.394995955881513510e+03 1.176000000000000000e+03
6.579000890571343185e-02 8.046340129369305032e+03 7.884172637594439948e+03 1.358000000000000000e+03
7.197688940286899040e-02 7.427199957441483093e+03 7.265032465666618009e+03 1.620000000000000000e+03
7.827860915688306109e-02 6.736412552929018602e+03 6.574245061154153518e+03 1.970000000000000000e+03
8.473402853143152669e-02 6.021440056452067438e+03 5.859272564677202354e+03 2.388000000000000000e+03
9.114995057719250948e-02 5.269200252115104377e+03 5.107032760340239292e+03 2.642000000000000000e+03
9.733441570868076043e-02 4.586234089067773311e+03 4.424066597292908227e+03 2.948000000000000000e+03
1.034823507189909925e-01 4.307672160003978206e+03 4.145504668229113122e+03 3.312000000000000000e+03
1.097621497737264751e-01 3.929626658286720158e+03 3.767459166511855528e+03 3.920000000000000000e+03
1.161502569114246236e-01 3.740312548822763347e+03 3.578145057047898717e+03 4.368000000000000000e+03
1.224511299792719610e-01 3.566961758514926260e+03 3.404794266740061630e+03 4.706000000000000000e+03
1.287146397216415161e-01 3.351809214260591943e+03 3.189641722485727314e+03 5.312000000000000000e+03
1.349787624209431713e-01 3.152601227084465791e+03 2.990433735309601161e+03 5.712000000000000000e+03
1.412227094847550990e-01 2.923682521290830209e+03 2.761515029515965580e+03 6.380000000000000000e+03
1.475340300674937433e-01 2.731573019390138143e+03 2.569405527615273513e+03 6.966000000000000000e+03
1.538209950420127425e-01 2.519283148510027331e+03 2.357115656735162702e+03 7.448000000000000000e+03
1.600939799861342827e-01 2.348151884762290138e+03 2.185984392987425508e+03 8.252000000000000000e+03
1.664990542498203663e-01 2.283382625269681739e+03 2.121215133494817110e+03 9.032000000000000000e+03
1.728174132941030505e-01 2.154548856658455406e+03 1.992381364883590550e+03 9.454000000000000000e+03
1.789853057753862942e-01 2.047546556453763742e+03 1.885379064678898885e+03 9.842000000000000000e+03
1.852733873177464519e-01 1.969287430297185210e+03 1.807119938522320354e+03 1.128200000000000000e+04
1.915389716053957636e-01 1.829885247777036966e+03 1.667717756002172109e+03 1.131800000000000000e+04
1.978093968968032412e-01 1.777333350601686561e+03 1.615165858826821704e+03 1.268400000000000000e+04
2.041363739541903199e-01 1.701856035106405216e+03 1.539688543331540359e+03 1.328000000000000000e+04
2.104329801156032687e-01 1.618905696919397997e+03 1.456738205144533140e+03 1.408200000000000000e+04
2.167445339963977868e-01 1.559552329013716189e+03 1.397384837238851333e+03 1.513400000000000000e+04
2.230182219099299812e-01 1.488677974647929432e+03 1.326510482873064575e+03 1.561200000000000000e+04
2.292666160073620063e-01 1.420062545838132337e+03 1.257895054063267480e+03 1.673000000000000000e+04
2.355414553524693422e-01 1.368259080169030995e+03 1.206091588394166138e+03 1.765200000000000000e+04
2.418784335992887613e-01 1.335899742143272988e+03 1.173732250368408131e+03 1.889000000000000000e+04
2.481481271052154158e-01 1.256471688684484889e+03 1.094304196909620032e+03 1.929800000000000000e+04
2.543650879168818379e-01 1.217235524887209976e+03 1.055068033112345120e+03 2.047000000000000000e+04
2.606536864982170187e-01 1.185097445292028624e+03 1.022929953517163767e+03 2.174800000000000000e+04
2.669516384221341521e-01 1.130650793287220722e+03 9.684833015123558653e+02 2.269000000000000000e+04
2.732605699623428253e-01 1.107346318278922354e+03 9.451788265040574970e+02 2.392000000000000000e+04
2.796050098145749785e-01 1.059800569909802334e+03 8.976330781349374774e+02 2.524600000000000000e+04
2.858914879318384394e-01 1.027503448095693784e+03 8.653359563208289273e+02 2.568400000000000000e+04
2.920995948224677785e-01 1.002506043541413646e+03 8.403385517665487896e+02 2.681600000000000000e+04
2.983507476243664192e-01 9.905059172539639576e+02 8.283384254790991008e+02 2.844000000000000000e+04
3.046505408519667446e-01 9.498865682249811471e+02 7.877190764501162903e+02 2.953800000000000000e+04
3.109471038444538982e-01 9.149981610313856208e+02 7.528306692565207641e+02 3.094400000000000000e+04
3.172476750734718465e-01 9.065883828460285940e+02 7.444208910711637373e+02 3.198000000000000000e+04
3.235400448401911655e-01 8.772847903676454280e+02 7.151172985927805712e+02 3.352600000000000000e+04
3.298240459879566155e-01 8.551859499238339595e+02 6.930184581489691027e+02 3.446400000000000000e+04
3.361484519828671913e-01 8.258711544968325597e+02 6.637036627219677030e+02 3.651400000000000000e+04
3.424245328606954630e-01 8.183484636306934590e+02 6.561809718558286022e+02 3.675800000000000000e+04
3.486779824429606656e-01 7.952399687547041367e+02 6.330724769798392799e+02 3.881000000000000000e+04
3.549863988041813134e-01 7.790510297736780103e+02 6.168835379988131535e+02 4.041000000000000000e+04
3.612333738091870750e-01 7.654525386578111465e+02 6.032850468829462898e+02 4.071400000000000000e+04
3.675042092955584372e-01 7.418402973903271231e+02 5.796728056154622664e+02 4.367000000000000000e+04
3.737994570270907757e-01 7.307531812192611369e+02 5.685856894443962801e+02 4.398600000000000000e+04
3.800864636623462745e-01 7.155391041167920321e+02 5.533716123419271753e+02 4.642800000000000000e+04
3.863718149601460539e-01 7.013470590347873213e+02 5.391795672599224645e+02 4.723600000000000000e+04
3.926652062093009543e-01 6.785564190310374215e+02 5.163889272561725647e+02 4.938600000000000000e+04
3.989690954083237040e-01 6.694468486571819312e+02 5.072793568823170745e+02 5.079600000000000000e+04
4.052314429539636831e-01 6.566639353595388684e+02 4.944964435846740116e+02 5.174000000000000000e+04
4.115238727386639761e-01 6.389680825495299814e+02 4.768005907746651246e+02 5.460200000000000000e+04
4.178033403078543762e-01 6.292515470441320531e+02 4.670840552692671963e+02 5.484400000000000000e+04
4.240515472996450597e-01 6.214890122644417261e+02 4.593215204895768693e+02 5.723200000000000000e+04
4.303677505012359350e-01 6.141555428190083603e+02 4.519880510441435035e+02 5.964800000000000000e+04
4.366726307806358953e-01 5.994679466705997584e+02 4.373004548957349016e+02 6.038400000000000000e+04
4.429228297480427012e-01 5.972237781641135825e+02 4.350562863892487258e+02 6.217000000000000000e+04
4.491736915552866916e-01 5.829903704523286478e+02 4.208228786774637911e+02 6.383200000000000000e+04
4.554569188183393291e-01 5.707829141649325493e+02 4.086154223900676925e+02 6.627200000000000000e+04
4.617788911268420060e-01 5.627480388075281326e+02 4.005805470326632758e+02 6.860400000000000000e+04
4.680995906845802912e-01 5.517209567937504744e+02 3.895534650188856176e+02 6.982400000000000000e+04
4.743866829976556287e-01 5.446048869061412461e+02 3.824373951312763893e+02 7.159800000000000000e+04
4.806701266904181979e-01 5.363070601762238994e+02 3.741395684013590426e+02 7.363400000000000000e+04
4.869464029839004060e-01 5.290749465098226665e+02 3.669074547349578097e+02 7.514600000000000000e+04
4.932051255392171929e-01 5.219801176994257048e+02 3.598126259245608480e+02 7.732800000000000000e+04
4.994696626648479909e-01 5.118990338507677507e+02 3.497315420759028939e+02 7.884800000000000000e+04
5.057193073175597631e-01 5.054206979454172028e+02 3.432532061705524029e+02 8.116400000000000000e+04
5.119989495044070527e-01 5.015414562020300764e+02 3.393739644271652196e+02 8.364400000000000000e+04
5.183159826466314790e-01 4.923127119453673117e+02 3.301452201705025118e+02 8.615600000000000000e+04
5.246107092885408107e-01 4.836386991397304769e+02 3.214712073648656769e+02 8.741000000000000000e+04
5.308819677746196009e-01 4.765237654747866145e+02 3.143562736999217577e+02 8.933800000000000000e+04
5.371663275127862569e-01 4.737234076862630445e+02 3.115559159113981877e+02 9.246200000000000000e+04
5.434900758720350167e-01 4.705091851994323520e+02 3.083416934245675520e+02 9.450400000000000000e+04
5.497699542502575420e-01 4.600586420871494511e+02 2.978911503122845943e+02 9.565800000000000000e+04
5.560083363989032357e-01 4.550059165962886141e+02 2.928384248214238141e+02 9.759800000000000000e+04
5.623114537777685884e-01 4.481748742400101833e+02 2.860073824651453833e+02 1.019620000000000000e+05
5.686318313430648308e-01 4.438953878315559791e+02 2.817278960566911792e+02 1.029860000000000000e+05
5.748997298340194906e-01 4.414157988093386393e+02 2.792483070344737826e+02 1.044280000000000000e+05
5.811784316152807106e-01 4.358554365404152122e+02 2.736879447655503554e+02 1.082760000000000000e+05
5.874623501555152894e-01 4.320286834119692116e+02 2.698611916371044117e+02 1.091300000000000000e+05
5.937358705487374433e-01 4.226904722109835575e+02 2.605229804361187007e+02 1.124920000000000000e+05
6.000132321575981642e-01 4.217385113237448877e+02 2.595710195488800309e+02 1.142380000000000000e+05
6.062764279011477742e-01 4.166516850261864988e+02 2.544841932513216705e+02 1.165200000000000000e+05
6.125579126729602253e-01 4.113105007817767955e+02 2.491430090069119672e+02 1.198680000000000000e+05
6.188758883571132685e-01 4.091977193066229574e+02 2.470302275317581291e+02 1.227600000000000000e+05
6.251574688191492424e-01 4.063079987136769660e+02 2.441405069388121376e+02 1.235740000000000000e+05
6.314078328527679140e-01 4.013104235770299510e+02 2.391429318021651227e+02 1.265060000000000000e+05
6.377090179731219610e-01 3.956576895258784816e+02 2.334901977510136533e+02 1.303720000000000000e+05
6.440064460832264359e-01 3.938186557576718201e+02 2.316511639828069917e+02 1.318120000000000000e+05
6.502830651582106603e-01 3.864920692810354126e+02 2.243245775061705842e+02 1.344920000000000000e+05
6.565805265356863263e-01 3.881414800991792049e+02 2.259739883243143765e+02 1.379620000000000000e+05
6.628599596871522781e-01 3.811458517067089247e+02 2.189783599318440963e+02 1.390120000000000000e+05
6.691298853551562731e-01 3.779541217171923222e+02 2.157866299423274938e+02 1.425480000000000000e+05
6.754222718254296876e-01 3.750279242845327303e+02 2.128604325096679020e+02 1.458880000000000000e+05
6.816939054591842906e-01 3.712149201244937444e+02 2.090474283496289161e+02 1.465620000000000000e+05
6.879709791718701117e-01 3.711251664308105092e+02 2.089576746559456808e+02 1.517500000000000000e+05
6.942614105711022443e-01 3.658057103670442416e+02 2.036382185921794132e+02 1.526260000000000000e+05
7.005365424756659909e-01 3.604795807614702881e+02 1.983120889866054597e+02 1.565860000000000000e+05
7.068233029523925959e-01 3.598239939968591443e+02 1.976565022219943160e+02 1.590780000000000000e+05
7.131225830129004351e-01 3.580952149536985303e+02 1.959277231788337019e+02 1.622900000000000000e+05
7.194106404935602939e-01 3.536100361532869556e+02 1.914425443784221272e+02 1.647700000000000000e+05
7.256916467573152341e-01 3.530992614037236308e+02 1.909317696288588024e+02 1.674660000000000000e+05
7.319862263035085137e-01 3.487800744104305863e+02 1.866125826355657580e+02 1.713680000000000000e+05
7.382778109483263407e-01 3.464835947537719676e+02 1.843161029789071392e+02 1.730960000000000000e+05
7.445474719729404667e-01 3.429201075382487716e+02 1.807526157633839432e+02 1.760120000000000000e+05
7.508031991267573035e-01 3.407781093582911467e+02 1.786106175834263183e+02 1.785720000000000000e+05
7.570835243855718044e-01 3.369427554647763827e+02 1.747752636899115544e+02 1.828740000000000000e+05
7.633725915964089115e-01 3.353942132685294268e+02 1.732267214936645985e+02 1.855560000000000000e+05
7.696559165320593365e-01 3.330596484341301107e+02 1.708921566592652823e+02 1.883800000000000000e+05
7.759472068200509165e-01 3.300298886154519096e+02 1.678623968405870812e+02 1.923620000000000000e+05
7.822420857509159164e-01 3.291163273133613529e+02 1.669488355384965246e+02 1.948920000000000000e+05
7.885501419914293653e-01 3.269025384181185814e+02 1.647350466432537530e+02 1.992240000000000000e+05
7.948038474963337041e-01 3.248439223660729454e+02 1.626764305912081170e+02 1.980620000000000000e+05
8.010520907109800470e-01 3.241309121159553115e+02 1.619634203410904831e+02 2.048760000000000000e+05
8.073556460726576400e-01 3.202050480685336424e+02 1.580375562936688141e+02 2.082080000000000000e+05
8.136472652876408640e-01 3.175369299495963560e+02 1.553694381747315276e+02 2.106380000000000000e+05
8.199328051877485812e-01 3.179874103737470250e+02 1.558199185988821966e+02 2.141460000000000000e+05
8.262092250684122119e-01 3.151871367289446653e+02 1.530196449540798369e+02 2.167700000000000000e+05
8.325052758042271739e-01 3.115352509835377077e+02 1.493677592086728794e+02 2.218980000000000000e+05
8.388116654351844836e-01 3.111562750735666896e+02 1.489887832987018612e+02 2.244000000000000000e+05
8.450849103364239667e-01 3.091531731963376046e+02 1.469856814214727763e+02 2.263060000000000000e+05
8.513462727474617742e-01 3.047361088258436439e+02 1.425686170509788155e+02 2.298240000000000000e+05
8.576284146508676987e-01 3.055130103765632725e+02 1.433455186016984442e+02 2.351900000000000000e+05
8.639203271423162578e-01 3.031459372969545711e+02 1.409784455220897428e+02 2.369960000000000000e+05
8.702001278720664645e-01 3.013279835163945677e+02 1.391604917415297393e+02 2.415680000000000000e+05
8.764772930847268828e-01 3.003931911509827160e+02 1.382256993761178876e+02 2.433340000000000000e+05
8.827715178895144676e-01 2.992155115358964395e+02 1.370480197610316111e+02 2.500580000000000000e+05
8.890536686845070813e-01 2.964824790420751697e+02 1.343149872672103413e+02 2.498260000000000000e+05
8.953222746762443673e-01 2.952191626395249386e+02 1.330516708646601103e+02 2.554020000000000000e+05
9.016064535102598088e-01 2.946428881824747918e+02 1.324753964076099635e+02 2.588880000000000000e+05
9.078934899700541461e-01 2.914911626059735568e+02 1.293236708311087284e+02 2.622400000000000000e+05
9.141879395382898066e-01 2.911188686034071793e+02 1.289513768285423509e+02 2.673220000000000000e+05
9.204870069999977478e-01 2.905680160634881872e+02 1.284005242886233589e+02 2.697820000000000000e+05
9.267634485314798498e-01 2.883674521774894401e+02 1.261999604026246118e+02 2.725480000000000000e+05
9.330398908859652840e-01 2.859130481913713879e+02 1.237455564165065596e+02 2.775220000000000000e+05
9.393419790538620751e-01 2.843635151117928217e+02 1.221960233369279933e+02 2.819920000000000000e+05
9.456138811139273015e-01 2.825118206535699414e+02 1.203443288787051131e+02 2.827100000000000000e+05
9.518752143586322045e-01 2.813961243628711486e+02 1.192286325880063202e+02 2.881620000000000000e+05
9.581565932480536896e-01 2.811214033581569538e+02 1.189539115832921254e+02 2.922500000000000000e+05
9.644556692432024736e-01 2.799246149807431152e+02 1.177571232058782869e+02 2.976780000000000000e+05
9.707473583964632002e-01 2.761512336140638126e+02 1.139837418391989843e+02 2.990500000000000000e+05
9.770167227541187716e-01 2.766481089243883957e+02 1.144806171495235674e+02 3.035940000000000000e+05
9.832935359933105968e-01 2.755584933909014467e+02 1.133910016160366183e+02 3.072180000000000000e+05
9.895688562506220753e-01 2.733283966688352962e+02 1.111609048939704678e+02 3.115520000000000000e+05
9.958591531227547478e-01 2.740369016213518876e+02 1.118694098464870592e+02 3.166400000000000000e+05
1.002144834684193242e+00 2.714472170167345553e+02 1.092797252418697269e+02 3.188100000000000000e+05
1.008417393835248532e+00 2.694963080560853541e+02 1.073288162812205258e+02 3.236140000000000000e+05
1.014706927655060875e+00 2.696536249236259550e+02 1.074861331487611267e+02 3.281640000000000000e+05
1.020995821536768045e+00 2.684676681725977119e+02 1.063001763977328835e+02 3.322980000000000000e+05
1.027277321758624629e+00 2.666027756499728412e+02 1.044352838751080128e+02 3.352360000000000000e+05
1.033577629488106275e+00 2.655124366846631006e+02 1.033449449097982722e+02 3.423460000000000000e+05
1.039864888978200064e+00 2.652639535268633608e+02 1.030964617519985325e+02 3.426120000000000000e+05
1.046131543025751398e+00 2.639811987004342768e+02 1.018137069255694485e+02 3.478080000000000000e+05
1.052408295901959612e+00 2.620226548258691537e+02 9.985516305100432533e+01 3.527840000000000000e+05
1.058689459756216866e+00 2.615013789182345363e+02 9.933388714336970793e+01 3.560160000000000000e+05
1.064973476309879485e+00 2.608801198403561443e+02 9.871262806549131597e+01 3.617640000000000000e+05
1.071260228414355753e+00 2.596297265536235273e+02 9.746223477875869889e+01 3.652380000000000000e+05
1.077547506273993205e+00 2.588641767910050362e+02 9.669668501614020784e+01 3.698500000000000000e+05
1.083834594251098959e+00 2.580521941848722918e+02 9.588470241000746341e+01 3.744400000000000000e+05
1.090123338753580029e+00 2.557810767245042314e+02 9.361358494963940302e+01 3.779460000000000000e+05
1.096402047628067811e+00 2.559782153398382150e+02 9.381072356497338660e+01 3.828480000000000000e+05
1.102686734177269923e+00 2.545357757659186291e+02 9.236828399105380072e+01 3.870080000000000000e+05
1.108974905272321010e+00 2.537035022459266429e+02 9.153601047106181454e+01 3.918200000000000000e+05
1.115240505002667248e+00 2.525929084358663772e+02 9.042541666100154885e+01 3.936120000000000000e+05
1.121510968507875017e+00 2.513931516800156203e+02 8.922565990515079193e+01 4.007140000000000000e+05
1.127801000874616433e+00 2.514879658761291239e+02 8.932047410126429554e+01 4.057940000000000000e+05
1.134097027651290723e+00 2.505946244333164259e+02 8.842713265845159754e+01 4.099040000000000000e+05
1.140372932967484543e+00 2.497960392848337392e+02 8.762854750996891084e+01 4.124720000000000000e+05
1.146644399550673876e+00 2.476809481546163738e+02 8.551345637975154546e+01 4.185640000000000000e+05
1.152943533572619028e+00 2.468729492883952901e+02 8.470545751353046171e+01 4.250340000000000000e+05
1.159234629937837324e+00 2.475482057774961220e+02 8.538071400263129362e+01 4.270920000000000000e+05
1.165519427699577504e+00 2.461766932377433363e+02 8.400920146287850798e+01 4.331780000000000000e+05
1.171801113533186500e+00 2.458966458303834486e+02 8.372915405551862023e+01 4.360040000000000000e+05
1.178090415441370498e+00 2.443549132625983873e+02 8.218742148773355893e+01 4.439880000000000000e+05
1.184382922568056218e+00 2.432402411954312527e+02 8.107274942056642431e+01 4.453300000000000000e+05
1.190653318049772258e+00 2.425745329132383858e+02 8.040704113837355749e+01 4.508360000000000000e+05
1.196918726837574054e+00 2.417593938028174705e+02 7.959190202795264213e+01 4.537220000000000000e+05
1.203203941861949566e+00 2.416336351599481418e+02 7.946614338508331343e+01 4.634540000000000000e+05
1.209492404352916051e+00 2.402926465218819772e+02 7.812515474701714879e+01 4.638000000000000000e+05
1.215771355333522763e+00 2.397310837551117686e+02 7.756359198024694024e+01 4.715780000000000000e+05
1.222064664468862416e+00 2.395179140075816804e+02 7.735042223271685202e+01 4.760860000000000000e+05
1.228353922954420918e+00 2.385535058007816929e+02 7.638601402591686451e+01 4.800280000000000000e+05
1.234638470013954770e+00 2.380671200353248764e+02 7.589962826046004807e+01 4.861600000000000000e+05
1.240913261509356103e+00 2.369358383526150078e+02 7.476834657775017945e+01 4.877540000000000000e+05
1.247188250643475937e+00 2.371696308142097962e+02 7.500213903934496784e+01 4.961340000000000000e+05
1.253473069443996613e+00 2.363574424179619768e+02 7.418995064309714849e+01 4.994820000000000000e+05
1.259761898162141902e+00 2.349524002617975214e+02 7.278490848693269299e+01 5.065000000000000000e+05
1.266044124118156144e+00 2.339036816756034227e+02 7.173618990073859436e+01 5.091880000000000000e+05
1.272325893222376436e+00 2.337601396289409195e+02 7.159264785407609111e+01 5.154900000000000000e+05
1.278614164208257353e+00 2.327963605061009105e+02 7.062886873123608211e+01 5.212680000000000000e+05
1.284892611208029889e+00 2.325595540370394758e+02 7.039206226217464746e+01 5.238700000000000000e+05
1.291183645279231351e+00 2.320018254156320836e+02 6.983433364076725525e+01 5.336400000000000000e+05
1.297481503837926153e+00 2.316706724961870236e+02 6.950318072132219527e+01 5.355220000000000000e+05
1.303753723784867535e+00 2.312315437152670086e+02 6.906405194040218021e+01 5.391000000000000000e+05
1.310018983865986586e+00 2.299943063100799066e+02 6.782681453521507819e+01 5.455720000000000000e+05
1.316308510930670250e+00 2.292107103851375882e+02 6.704321861027275986e+01 5.530760000000000000e+05
1.322598362398576421e+00 2.288649905469212626e+02 6.669749877205643429e+01 5.564880000000000000e+05
1.328872053478450166e+00 2.288623708672478472e+02 6.669487909238301881e+01 5.606140000000000000e+05
1.335152188378053495e+00 2.267843089222084814e+02 6.461681714734365301e+01 5.684260000000000000e+05
1.341449661995184561e+00 2.276316293908828641e+02 6.546413761601803571e+01 5.746600000000000000e+05
1.347738927854007729e+00 2.262336364651490896e+02 6.406614469028426129e+01 5.770720000000000000e+05
1.354008700766087481e+00 2.267429827115186072e+02 6.457549093665377882e+01 5.822700000000000000e+05
1.360289660314967009e+00 2.253509105427052646e+02 6.318341876784043620e+01 5.901560000000000000e+05
1.366572251586567699e+00 2.257166772756005457e+02 6.354918550073571737e+01 5.928000000000000000e+05
1.372860453050388063e+00 2.247087852193676554e+02 6.254129344450282701e+01 6.027740000000000000e+05
1.379145023090685429e+00 2.239320949655736399e+02 6.176460319070881155e+01 6.026980000000000000e+05
1.385414535762269361e+00 2.236519789862451262e+02 6.148448721138029782e+01 6.111620000000000000e+05
1.391706524900663045e+00 2.238124937324382415e+02 6.164500195757341316e+01 6.180140000000000000e+05
1.397995531958892590e+00 2.228101903223802935e+02 6.064269854751546518e+01 6.215880000000000000e+05
1.404274192284941769e+00 2.222974438412073823e+02 6.012995206634255396e+01 6.277440000000000000e+05
1.410561555672766865e+00 2.215606082714701586e+02 5.939311649660533021e+01 6.335400000000000000e+05
1.416846912008939086e+00 2.208543177171367233e+02 5.868682594227189497e+01 6.397320000000000000e+05
1.423125133292065136e+00 2.205570811040647641e+02 5.838958932919993572e+01 6.426020000000000000e+05
1.429404784151020458e+00 2.195182692120855847e+02 5.735077743722075638e+01 6.518900000000000000e+05
1.435691047292837252e+00 2.199121251842221625e+02 5.774463340935733413e+01 6.552160000000000000e+05
1.441980674135391771e+00 2.192244566114326858e+02 5.705696483656785745e+01 6.637680000000000000e+05
1.448270256156670488e+00 2.183919104457193043e+02 5.622441867085447598e+01 6.676260000000000000e+05
1.454546622628224650e+00 2.188697543962551890e+02 5.670226262139036066e+01 6.716420000000000000e+05
1.460820715374602674e+00 2.184010196168113964e+02 5.623352784194656806e+01 6.794060000000000000e+05
1.467116879073512736e+00 2.172614500319601518e+02 5.509395825709532346e+01 6.874520000000000000e+05
1.473402996227505257e+00 2.164355613102422069e+02 5.426806953537737854e+01 6.894720000000000000e+05
1.479676491952220729e+00 2.161572669467970513e+02 5.398977517193222297e+01 6.966860000000000000e+05
1.485967553866846869e+00 2.161145348066856116e+02 5.394704303182078320e+01 7.043380000000000000e+05
1.492246821535899048e+00 2.157204863967211850e+02 5.355299462185635662e+01 7.067400000000000000e+05
1.498509554578234537e+00 2.156355831268913619e+02 5.346809135202653351e+01 7.122360000000000000e+05
1.504789768773060477e+00 2.143725669531098106e+02 5.220507517824498223e+01 7.226580000000000000e+05
1.511081932996167110e+00 2.146168316387743289e+02 5.244933986390950054e+01 7.268980000000000000e+05
1.517368266691215162e+00 2.140143305563198339e+02 5.184683878145500557e+01 7.332820000000000000e+05
1.523654636026075648e+00 2.137731212473562152e+02 5.160562947249138688e+01 7.396640000000000000e+05
1.529943441059384845e+00 2.129455679316714907e+02 5.077807615680666231e+01 7.455940000000000000e+05
1.536239025868725072e+00 2.128240015200240691e+02 5.065650974515924077e+01 7.536480000000000000e+05
1.542520371859912531e+00 2.126955901765259682e+02 5.052809840166113986e+01 7.545420000000000000e+05
1.548788934475642254e+00 2.121427473137241577e+02 4.997525553885932936e+01 7.626580000000000000e+05
1.555076717032853217e+00 2.118584225803736274e+02 4.969093080550879904e+01 7.721700000000000000e+05
1.561367597618051883e+00 2.113515503262028972e+02 4.918405855133806881e+01 7.751460000000000000e+05
1.567640799474913083e+00 2.108492081280780894e+02 4.868171635321326107e+01 7.806720000000000000e+05
1.573918091021587307e+00 2.106850817494419061e+02 4.851758997457707778e+01 7.887520000000000000e+05
1.580208770922777894e+00 2.104406296518564830e+02 4.827313787699165459e+01 7.962340000000000000e+05
1.586494501348699515e+00 2.091624598551659915e+02 4.699496808030116313e+01 8.007500000000000000e+05
1.592767039126987694e+00 2.097308518027485889e+02 4.756336002788376049e+01 8.048100000000000000e+05
1.599052488140243256e+00 2.093734993754919174e+02 4.720600760062708900e+01 8.176280000000000000e+05
1.605347362928585930e+00 2.096188368846008530e+02 4.745134510973602460e+01 8.192580000000000000e+05
1.611624469631112389e+00 2.080804580355045630e+02 4.591296626063973463e+01 8.265800000000000000e+05
1.617906873560414516e+00 2.085310853299364169e+02 4.636359355507158853e+01 8.332260000000000000e+05
1.624193727299755308e+00 2.081639944710788086e+02 4.599650269621398024e+01 8.401780000000000000e+05
1.630471782443348783e+00 2.078781585610209675e+02 4.571066678615613910e+01 8.448300000000000000e+05
1.636760164716084098e+00 2.075834009127456738e+02 4.541590913788084549e+01 8.551300000000000000e+05
1.643043464683600297e+00 2.067616042473248683e+02 4.459411247246003995e+01 8.575060000000000000e+05
1.649316977887778979e+00 2.064720758856006171e+02 4.430458411073578873e+01 8.644800000000000000e+05
1.655599056937107516e+00 2.066149218882336527e+02 4.444743011336882432e+01 8.738480000000000000e+05
1.661884166769115767e+00 2.059661863148309635e+02 4.379869453996613515e+01 8.783400000000000000e+05
1.668176504354522471e+00 2.063542665780694563e+02 4.418677480320462791e+01 8.889200000000000000e+05
1.674458683878514931e+00 2.054239834075401916e+02 4.325649163267536323e+01 8.893580000000000000e+05
1.680728630093367038e+00 2.055320432462029601e+02 4.336455147133813171e+01 8.981800000000000000e+05
1.687019939142594183e+00 2.048544931808626188e+02 4.268700140599779047e+01 9.095840000000000000e+05
1.693318824324689276e+00 2.040890245666674332e+02 4.192153279180260483e+01 9.136000000000000000e+05
1.699588010948696493e+00 2.042794466262227502e+02 4.211195485135792183e+01 9.141300000000000000e+05
1.705865055857039181e+00 2.037993104546818017e+02 4.163181867981697337e+01 9.300560000000000000e+05
1.712165335543606837e+00 2.040548204081436836e+02 4.188732863327885525e+01 9.342660000000000000e+05
1.718451221796237549e+00 2.030357737759975976e+02 4.086828200113276921e+01 9.398780000000000000e+05
1.724725883597690634e+00 2.028333500391886446e+02 4.066585826432381623e+01 9.443780000000000000e+05
1.731001460952539039e+00 2.027754022402785097e+02 4.060791046541368132e+01 9.535880000000000000e+05
1.737293076086154020e+00 2.022767482623925446e+02 4.010925648752771622e+01 9.640360000000000000e+05
1.743575012025098125e+00 2.018678888423999069e+02 3.970039706753507858e+01 9.634900000000000000e+05
1.749853765858601529e+00 2.017788369807391575e+02 3.961134520587432917e+01 9.778260000000000000e+05
1.756139760422475327e+00 2.015260659653731352e+02 3.935857419050830686e+01 9.793740000000000000e+05
1.762418064231706216e+00 2.014059400283417176e+02 3.923844825347688925e+01 9.891060000000000000e+05
1.768704373978918332e+00 2.014166739009645255e+02 3.924918212609969714e+01 9.968660000000000000e+05
1.774989017499519983e+00 2.010676645852792319e+02 3.890017281041440356e+01 1.001708000000000000e+06
1.781271339834514134e+00 2.011578417322293717e+02 3.899034995736454334e+01 1.011292000000000000e+06
1.787557810851539308e+00 2.003949005602513580e+02 3.822740878538652964e+01 1.016394000000000000e+06
1.793844465061326554e+00 1.996638648840185226e+02 3.749637310915369426e+01 1.026530000000000000e+06
1.800123882125254315e+00 1.996592199310451861e+02 3.749172815618035770e+01 1.028166000000000000e+06
1.806399855932671716e+00 1.999205168963608230e+02 3.775302512149599465e+01 1.039020000000000000e+06
1.812677292178102029e+00 1.993428899230122795e+02 3.717539814814745114e+01 1.044114000000000000e+06
1.818962554020154831e+00 1.994269766005544966e+02 3.725948482568966824e+01 1.055160000000000000e+06
1.825254388213496393e+00 1.984181155982251425e+02 3.625062382336031419e+01 1.061910000000000000e+06
1.831535832002544106e+00 1.987724467527364709e+02 3.660495497787164254e+01 1.065538000000000000e+06
1.837815550403961051e+00 1.982323657528222327e+02 3.606487397795740435e+01 1.075850000000000000e+06
1.844109001519104174e+00 1.986275234961799185e+02 3.646003172131509018e+01 1.085614000000000000e+06
1.850394624542057054e+00 1.974726875461766724e+02 3.530519577131184406e+01 1.087722000000000000e+06
1.856670888758223281e+00 1.981011642818492930e+02 3.593367250698446469e+01 1.096876000000000000e+06
1.862955904437998855e+00 1.973421272907619937e+02 3.517463551589716531e+01 1.105496000000000000e+06
1.869239093965251008e+00 1.973261438153044764e+02 3.515865204043964809e+01 1.111720000000000000e+06
1.875524551422873554e+00 1.971114245539037597e+02 3.494393277903893136e+01 1.121280000000000000e+06
1.881807982104247490e+00 1.965486239783554936e+02 3.438113220349066523e+01 1.125186000000000000e+06
1.888084182640285436e+00 1.965911155379829438e+02 3.442362376311811545e+01 1.134232000000000000e+06
1.894359184767357762e+00 1.962043700738655332e+02 3.403687829900070483e+01 1.139920000000000000e+06
1.900652335243679270e+00 1.960323008370005198e+02 3.386480906213569142e+01 1.156084000000000000e+06
1.906941434140952518e+00 1.959794160265301741e+02 3.381192425166534576e+01 1.153348000000000000e+06
1.913211010588978134e+00 1.955033131249627729e+02 3.333582135009794456e+01 1.163962000000000000e+06
1.919497353804973994e+00 1.952754721251768615e+02 3.310798035031203312e+01 1.175698000000000000e+06
1.925784376717101232e+00 1.952122589619161488e+02 3.304476718705132043e+01 1.178618000000000000e+06
1.932070295894139811e+00 1.954347351426156933e+02 3.326724336775086499e+01 1.191414000000000000e+06
1.938347681358776109e+00 1.946784079453354366e+02 3.251091617047060822e+01 1.190388000000000000e+06
1.944622715438230065e+00 1.949129536903400890e+02 3.274546191547526064e+01 1.205992000000000000e+06
1.950912101770938545e+00 1.941771826977635556e+02 3.200969092289872719e+01 1.212094000000000000e+06
1.957200170150135810e+00 1.942307495497589969e+02 3.206325777489416851e+01 1.220074000000000000e+06
1.963483156116985873e+00 1.945150906653774427e+02 3.234759889051261439e+01 1.226826000000000000e+06
1.969764663919415071e+00 1.940949402240606503e+02 3.192744844919582192e+01 1.234274000000000000e+06
1.976058795452903194e+00 1.939719246569338793e+02 3.180443288206905095e+01 1.248286000000000000e+06
1.982347818239277082e+00 1.937163936999762939e+02 3.154890192511146552e+01 1.247764000000000000e+06
1.988621905801704060e+00 1.934006621694839509e+02 3.123317039461912259e+01 1.258144000000000000e+06
1.994901683859673147e+00 1.927250136411392987e+02 3.055752186627447031e+01 1.266462000000000000e+06
2.001185568350352106e+00 1.925481896692165833e+02 3.038069789435175494e+01 1.274682000000000000e+06
2.007463530968069509e+00 1.923105027435211696e+02 3.014301096865634122e+01 1.281282000000000000e+06
2.013743684507833809e+00 1.925146201283560856e+02 3.034712835349125726e+01 1.290814000000000000e+06
2.020026468512655438e+00 1.928865480238255543e+02 3.071905624896072595e+01 1.298642000000000000e+06
2.026317940332479139e+00 1.918089432327517159e+02 2.964145145788688751e+01 1.310514000000000000e+06
2.032605346556254133e+00 1.919878515889173798e+02 2.982035981405255143e+01 1.313348000000000000e+06
2.038876250754864561e+00 1.918108745092839342e+02 2.964338273441910587e+01 1.320124000000000000e+06
2.045156862230546491e+00 1.913521522374082906e+02 2.918466046254346224e+01 1.333076000000000000e+06
2.051450376459333036e+00 1.915055104462798852e+02 2.933801867141505682e+01 1.342160000000000000e+06
2.057735646516794858e+00 1.914251403987863114e+02 2.925764862392148302e+01 1.346470000000000000e+06
2.064019658255301426e+00 1.910429828665068612e+02 2.887549109164203287e+01 1.357668000000000000e+06
2.070309709613492366e+00 1.911243897123441116e+02 2.895689793747928320e+01 1.365808000000000000e+06
2.076598642179291243e+00 1.906557751419134377e+02 2.848828336704860931e+01 1.373258000000000000e+06
2.082870032339927402e+00 1.906586828345733977e+02 2.849119105970856936e+01 1.375392000000000000e+06
2.089134787055322295e+00 1.903621951426722774e+02 2.819470336780744901e+01 1.386994000000000000e+06
2.095425627190938389e+00 1.903566092948217658e+02 2.818911751995693749e+01 1.402688000000000000e+06
2.101711371004562512e+00 1.898750586336789468e+02 2.770756685881411840e+01 1.402456000000000000e+06
2.107989648687532469e+00 1.899593136824712758e+02 2.779182190760644744e+01 1.415562000000000000e+06
2.114274413323816493e+00 1.898464978153751019e+02 2.767900604051027358e+01 1.423152000000000000e+06
2.120557238443375958e+00 1.899955726947980850e+02 2.782808091993325661e+01 1.430474000000000000e+06
2.126845280632974067e+00 1.896731784969526871e+02 2.750568672208785870e+01 1.442654000000000000e+06
2.133128554780450159e+00 1.899403881441523652e+02 2.777289636928753680e+01 1.446292000000000000e+06
2.139412332467919065e+00 1.895952909822322852e+02 2.742779920736745680e+01 1.458674000000000000e+06
2.145698003662099396e+00 1.891667800992314596e+02 2.699928832436663129e+01 1.465518000000000000e+06
2.151977195668531184e+00 1.887392785959684431e+02 2.657178682110361478e+01 1.471640000000000000e+06
2.158263209952423267e+00 1.886185076936282314e+02 2.645101591876340308e+01 1.486868000000000000e+06
2.164552162632372490e+00 1.884416259840169516e+02 2.627413420915212328e+01 1.490076000000000000e+06
2.170839225012531681e+00 1.883090638665270831e+02 2.614157209166225471e+01 1.502730000000000000e+06
2.177120082977427540e+00 1.888040234018760088e+02 2.663653162701118049e+01 1.505460000000000000e+06
2.183393121055990260e+00 1.885003700887226614e+02 2.633287831385783306e+01 1.515192000000000000e+06
2.189672152712972331e+00 1.880564136351981972e+02 2.588892186033336884e+01 1.527176000000000000e+06
2.195961755713628616e+00 1.874738151115301719e+02 2.530632333666534350e+01 1.536762000000000000e+06
2.202246728716700463e+00 1.874714329757812834e+02 2.530394120091645505e+01 1.542760000000000000e+06
2.208524403202436037e+00 1.874301119919083192e+02 2.526262021704349081e+01 1.550958000000000000e+06
2.214806392550185965e+00 1.872789399848401501e+02 2.511144820997532179e+01 1.562242000000000000e+06
2.221097232089587870e+00 1.875918976618144995e+02 2.542440588694967118e+01 1.573636000000000000e+06
2.227379738633999295e+00 1.871098865752363167e+02 2.494239480037148837e+01 1.575424000000000000e+06
2.233661892530534487e+00 1.875246814581209378e+02 2.535718968325610945e+01 1.591318000000000000e+06
2.239944725315571095e+00 1.872552383978155603e+02 2.508774662295073199e+01 1.593836000000000000e+06
2.246225895079906554e+00 1.869732114643900331e+02 2.480571968952520479e+01 1.608032000000000000e+06
2.252509804346050082e+00 1.868497990757741718e+02 2.468230730090934344e+01 1.613848000000000000e+06
2.258786271982848870e+00 1.865159391247723875e+02 2.434844734990755910e+01 1.621344000000000000e+06
2.265071686104545012e+00 1.867169493972353393e+02 2.454945762237051099e+01 1.636986000000000000e+06
2.271353283744287577e+00 1.864101732785537706e+02 2.424268150368894226e+01 1.637896000000000000e+06
2.277641683762936520e+00 1.864910809943343395e+02 2.432358921946951114e+01 1.657744000000000000e+06
2.283930104798850280e+00 1.860377155159560800e+02 2.387022374109125167e+01 1.657162000000000000e+06
2.290207926740317035e+00 1.859191160140259740e+02 2.375162423916114562e+01 1.669282000000000000e+06
2.296494840186173114e+00 1.859724637897174091e+02 2.380497201485258074e+01 1.681784000000000000e+06
2.302772905700670947e+00 1.855965829731403005e+02 2.342909119827547215e+01 1.681712000000000000e+06
2.309052374557129195e+00 1.854748904328661183e+02 2.330739865800128996e+01 1.701460000000000000e+06
2.315343134461879337e+00 1.855784787495002206e+02 2.341098697463539224e+01 1.706278000000000000e+06
2.321633141999085659e+00 1.856952057730985359e+02 2.352771399823370757e+01 1.719040000000000000e+06
2.327916355392010139e+00 1.857186278775330379e+02 2.355113610266820956e+01 1.722426000000000000e+06
2.334190722001127316e+00 1.852469975370317457e+02 2.307950576216691729e+01 1.731242000000000000e+06
2.340473130334892460e+00 1.849220802046079655e+02 2.275458842974313711e+01 1.746678000000000000e+06
2.346761369860457247e+00 1.848639559715272753e+02 2.269646419666244697e+01 1.752724000000000000e+06
2.353047769056515470e+00 1.846765269125689031e+02 2.250903513770407471e+01 1.764314000000000000e+06
2.359330397319757022e+00 1.848002676365679235e+02 2.263277586170309519e+01 1.770156000000000000e+06
2.365605034054369060e+00 1.846525899948688050e+02 2.248509822000397662e+01 1.777436000000000000e+06
2.371891455909768354e+00 1.847901622902847691e+02 2.262267051541994078e+01 1.797104000000000000e+06
2.378179546072414663e+00 1.845951745107703346e+02 2.242768273590550621e+01 1.796398000000000000e+06
2.384457586600779333e+00 1.844202751629004808e+02 2.225278338803565248e+01 1.810884000000000000e+06
2.390743123140302018e+00 1.842092105113827074e+02 2.204171873651787905e+01 1.819896000000000000e+06
2.397020324856477647e+00 1.840556124650159688e+02 2.188812069015114048e+01 1.824020000000000000e+06
2.403297352078177518e+00 1.844916278929389080e+02 2.232413611807407960e+01 1.840406000000000000e+06
