# # logM, Nhalos, Ncen, Nsat
1.002500000000000036e+01 0.000000000000000000e+00 0.000000000000000000e+00 0.000000000000000000e+00
1.007500000000000107e+01 0.000000000000000000e+00 0.000000000000000000e+00 0.000000000000000000e+00
1.012500000000000178e+01 0.000000000000000000e+00 0.000000000000000000e+00 0.000000000000000000e+00
1.017500000000000249e+01 0.000000000000000000e+00 0.000000000000000000e+00 0.000000000000000000e+00
1.022500000000000320e+01 0.000000000000000000e+00 0.000000000000000000e+00 0.000000000000000000e+00
1.027500000000000391e+01 0.000000000000000000e+00 0.000000000000000000e+00 0.000000000000000000e+00
1.032500000000000462e+01 0.000000000000000000e+00 0.000000000000000000e+00 0.000000000000000000e+00
1.037500000000000533e+01 0.000000000000000000e+00 0.000000000000000000e+00 0.000000000000000000e+00
1.042500000000000604e+01 0.000000000000000000e+00 0.000000000000000000e+00 0.000000000000000000e+00
1.047500000000000675e+01 0.000000000000000000e+00 0.000000000000000000e+00 0.000000000000000000e+00
1.052500000000000746e+01 0.000000000000000000e+00 0.000000000000000000e+00 0.000000000000000000e+00
1.057500000000000817e+01 0.000000000000000000e+00 0.000000000000000000e+00 0.000000000000000000e+00
1.062500000000000888e+01 0.000000000000000000e+00 0.000000000000000000e+00 0.000000000000000000e+00
1.067500000000000959e+01 0.000000000000000000e+00 0.000000000000000000e+00 0.000000000000000000e+00
1.072500000000001030e+01 0.000000000000000000e+00 0.000000000000000000e+00 0.000000000000000000e+00
1.077500000000001101e+01 0.000000000000000000e+00 0.000000000000000000e+00 0.000000000000000000e+00
1.082500000000001172e+01 0.000000000000000000e+00 0.000000000000000000e+00 0.000000000000000000e+00
1.087500000000001243e+01 0.000000000000000000e+00 0.000000000000000000e+00 0.000000000000000000e+00
1.092500000000001315e+01 0.000000000000000000e+00 0.000000000000000000e+00 0.000000000000000000e+00
1.097500000000001386e+01 0.000000000000000000e+00 0.000000000000000000e+00 0.000000000000000000e+00
1.102500000000001457e+01 0.000000000000000000e+00 0.000000000000000000e+00 0.000000000000000000e+00
1.107500000000001528e+01 0.000000000000000000e+00 0.000000000000000000e+00 0.000000000000000000e+00
1.112500000000001599e+01 0.000000000000000000e+00 0.000000000000000000e+00 0.000000000000000000e+00
1.117500000000001670e+01 0.000000000000000000e+00 0.000000000000000000e+00 0.000000000000000000e+00
1.122500000000001741e+01 0.000000000000000000e+00 0.000000000000000000e+00 0.000000000000000000e+00
1.127500000000001812e+01 0.000000000000000000e+00 0.000000000000000000e+00 0.000000000000000000e+00
1.132500000000001883e+01 1.814735000000000000e+06 4.240110000000000000e+05 0.000000000000000000e+00
1.137500000000001954e+01 1.592818000000000000e+06 3.796940000000000000e+05 0.000000000000000000e+00
1.142500000000002025e+01 1.396685000000000000e+06 3.431690000000000000e+05 0.000000000000000000e+00
1.147500000000002096e+01 1.306757000000000000e+06 3.766040000000000000e+05 0.000000000000000000e+00
1.152500000000002167e+01 1.159196000000000000e+06 3.484920000000000000e+05 0.000000000000000000e+00
1.157500000000002238e+01 1.048146000000000000e+06 3.293320000000000000e+05 0.000000000000000000e+00
1.162500000000002309e+01 9.351460000000000000e+05 3.266710000000000000e+05 0.000000000000000000e+00
1.167500000000002380e+01 8.321280000000000000e+05 3.058600000000000000e+05 0.000000000000000000e+00
1.172500000000002451e+01 7.584950000000000000e+05 2.927510000000000000e+05 0.000000000000000000e+00
1.177500000000002522e+01 6.849960000000000000e+05 2.824700000000000000e+05 0.000000000000000000e+00
1.182500000000002593e+01 6.184670000000000000e+05 2.694180000000000000e+05 0.000000000000000000e+00
1.187500000000002665e+01 5.542040000000000000e+05 2.557040000000000000e+05 0.000000000000000000e+00
1.192500000000002736e+01 5.024880000000000000e+05 2.411780000000000000e+05 0.000000000000000000e+00
1.197500000000002807e+01 4.488500000000000000e+05 2.265250000000000000e+05 1.555000000000000000e+03
1.202500000000002878e+01 4.070880000000000000e+05 2.175820000000000000e+05 5.737000000000000000e+03
1.207500000000002949e+01 3.664720000000000000e+05 2.015480000000000000e+05 1.020200000000000000e+04
1.212500000000003020e+01 3.289540000000000000e+05 1.885220000000000000e+05 1.644900000000000000e+04
1.217500000000003091e+01 2.972240000000000000e+05 1.806420000000000000e+05 2.484500000000000000e+04
1.222500000000003162e+01 2.677200000000000000e+05 1.670740000000000000e+05 3.359700000000000000e+04
1.227500000000003233e+01 2.411270000000000000e+05 1.537320000000000000e+05 4.292900000000000000e+04
1.232500000000003304e+01 2.187910000000000000e+05 1.467050000000000000e+05 5.726300000000000000e+04
1.237500000000003375e+01 1.952530000000000000e+05 1.354570000000000000e+05 7.076000000000000000e+04
1.242500000000003446e+01 1.759940000000000000e+05 1.231630000000000000e+05 8.169900000000000000e+04
1.247500000000003517e+01 1.586110000000000000e+05 1.157180000000000000e+05 1.006760000000000000e+05
1.252500000000003588e+01 1.423250000000000000e+05 1.083470000000000000e+05 1.216890000000000000e+05
1.257500000000003659e+01 1.283840000000000000e+05 9.735100000000000000e+04 1.296830000000000000e+05
1.262500000000003730e+01 1.153260000000000000e+05 9.074200000000000000e+04 1.532560000000000000e+05
1.267500000000003801e+01 1.033650000000000000e+05 8.383400000000000000e+04 1.781730000000000000e+05
1.272500000000003872e+01 9.348800000000000000e+04 7.666000000000000000e+04 1.920010000000000000e+05
1.277500000000003944e+01 8.374700000000000000e+04 6.964200000000000000e+04 2.087750000000000000e+05
1.282500000000004015e+01 7.536600000000000000e+04 6.446400000000000000e+04 2.372380000000000000e+05
1.287500000000004086e+01 6.748400000000000000e+04 5.871700000000000000e+04 2.534070000000000000e+05
1.292500000000004157e+01 6.031600000000000000e+04 5.265400000000000000e+04 2.532690000000000000e+05
1.297500000000004228e+01 5.400200000000000000e+04 4.821700000000000000e+04 2.880560000000000000e+05
1.302500000000004299e+01 4.858700000000000000e+04 4.425100000000000000e+04 3.198310000000000000e+05
1.307500000000004370e+01 4.327700000000000000e+04 3.934300000000000000e+04 2.967360000000000000e+05
1.312500000000004441e+01 3.859900000000000000e+04 3.561700000000000000e+04 3.268130000000000000e+05
1.317500000000004512e+01 3.440800000000000000e+04 3.221400000000000000e+04 3.515080000000000000e+05
1.322500000000004583e+01 3.064500000000000000e+04 2.895900000000000000e+04 3.462580000000000000e+05
1.327500000000004654e+01 2.766800000000000000e+04 2.621700000000000000e+04 3.460820000000000000e+05
1.332500000000004725e+01 2.432900000000000000e+04 2.325400000000000000e+04 3.692110000000000000e+05
1.337500000000004796e+01 2.176100000000000000e+04 2.104900000000000000e+04 3.872400000000000000e+05
1.342500000000004867e+01 1.931100000000000000e+04 1.862500000000000000e+04 3.496880000000000000e+05
1.347500000000004938e+01 1.708800000000000000e+04 1.660200000000000000e+04 3.640990000000000000e+05
1.352500000000005009e+01 1.497700000000000000e+04 1.466500000000000000e+04 3.898600000000000000e+05
1.357500000000005080e+01 1.321500000000000000e+04 1.296000000000000000e+04 3.863440000000000000e+05
1.362500000000005151e+01 1.150600000000000000e+04 1.131400000000000000e+04 3.520070000000000000e+05
1.367500000000005222e+01 1.038900000000000000e+04 1.026000000000000000e+04 3.823210000000000000e+05
1.372500000000005294e+01 8.938000000000000000e+03 8.850000000000000000e+03 3.755250000000000000e+05
1.377500000000005365e+01 7.968000000000000000e+03 7.886000000000000000e+03 3.446080000000000000e+05
1.382500000000005436e+01 6.874000000000000000e+03 6.816000000000000000e+03 3.492760000000000000e+05
1.387500000000005507e+01 5.840000000000000000e+03 5.802000000000000000e+03 3.493200000000000000e+05
1.392500000000005578e+01 5.130000000000000000e+03 5.110000000000000000e+03 3.738560000000000000e+05
1.397500000000005649e+01 4.426000000000000000e+03 4.404000000000000000e+03 3.073180000000000000e+05
1.402500000000005720e+01 3.838000000000000000e+03 3.826000000000000000e+03 3.185200000000000000e+05
1.407500000000005791e+01 3.283000000000000000e+03 3.277000000000000000e+03 3.076730000000000000e+05
1.412500000000005862e+01 2.827000000000000000e+03 2.821000000000000000e+03 3.038610000000000000e+05
1.417500000000005933e+01 2.392000000000000000e+03 2.386000000000000000e+03 2.709800000000000000e+05
1.422500000000006004e+01 2.037000000000000000e+03 2.035000000000000000e+03 2.693640000000000000e+05
1.427500000000006075e+01 1.781000000000000000e+03 1.779000000000000000e+03 3.084250000000000000e+05
1.432500000000006146e+01 1.423000000000000000e+03 1.421000000000000000e+03 2.280530000000000000e+05
1.437500000000006217e+01 1.203000000000000000e+03 1.200000000000000000e+03 2.326320000000000000e+05
1.442500000000006288e+01 9.930000000000000000e+02 9.930000000000000000e+02 2.198880000000000000e+05
1.447500000000006359e+01 8.130000000000000000e+02 8.130000000000000000e+02 2.110280000000000000e+05
1.452500000000006430e+01 0.000000000000000000e+00 0.000000000000000000e+00 0.000000000000000000e+00
1.457500000000006501e+01 0.000000000000000000e+00 0.000000000000000000e+00 0.000000000000000000e+00
1.462500000000006573e+01 0.000000000000000000e+00 0.000000000000000000e+00 0.000000000000000000e+00
1.467500000000006644e+01 0.000000000000000000e+00 0.000000000000000000e+00 0.000000000000000000e+00
1.472500000000006715e+01 0.000000000000000000e+00 0.000000000000000000e+00 0.000000000000000000e+00
1.477500000000006786e+01 0.000000000000000000e+00 0.000000000000000000e+00 0.000000000000000000e+00
1.482500000000006857e+01 0.000000000000000000e+00 0.000000000000000000e+00 0.000000000000000000e+00
1.487500000000006928e+01 0.000000000000000000e+00 0.000000000000000000e+00 0.000000000000000000e+00
1.492500000000006999e+01 0.000000000000000000e+00 0.000000000000000000e+00 0.000000000000000000e+00
1.497500000000007070e+01 0.000000000000000000e+00 0.000000000000000000e+00 0.000000000000000000e+00
1.502500000000007141e+01 0.000000000000000000e+00 0.000000000000000000e+00 0.000000000000000000e+00
