# # k, P(k),P(k)-shotnoise, Nmodes
8.899641224696953554e-03 1.801782180487345613e+04 1.787637400745612467e+04 2.600000000000000000e+01
1.507912216506558135e-02 2.138382390676905561e+04 2.124237610935172415e+04 6.600000000000000000e+01
2.144790186456837014e-02 2.016268768535513664e+04 2.002123988793780518e+04 1.580000000000000000e+02
2.792609073416789378e-02 1.876523727342097482e+04 1.862378947600364336e+04 2.400000000000000000e+02
3.439458802618463457e-02 1.545863396897133498e+04 1.531718617155400170e+04 4.040000000000000000e+02
4.063552503253392567e-02 1.237743173990177274e+04 1.223598394248443947e+04 4.920000000000000000e+02
4.685273545737825979e-02 1.121788857147582894e+04 1.107644077405849566e+04 7.160000000000000000e+02
5.308225101765943338e-02 1.028113864641685905e+04 1.013969084899952577e+04 8.660000000000000000e+02
5.947086026992840641e-02 9.210303308498647311e+03 9.068855511081314035e+03 1.176000000000000000e+03
6.579000890571343185e-02 8.445477886786035015e+03 8.304030089368701738e+03 1.358000000000000000e+03
7.197688940286899040e-02 7.768142051641942089e+03 7.626694254224608812e+03 1.620000000000000000e+03
7.827860915688306109e-02 7.082614220159296565e+03 6.941166422741963288e+03 1.970000000000000000e+03
8.473402853143152669e-02 6.263378352102535246e+03 6.121930554685201969e+03 2.388000000000000000e+03
9.114995057719250948e-02 5.425898871401766883e+03 5.284451073984433606e+03 2.642000000000000000e+03
9.733441570868076043e-02 4.767290305440491466e+03 4.625842508023158189e+03 2.948000000000000000e+03
1.034823507189909925e-01 4.488040683858346711e+03 4.346592886441013434e+03 3.312000000000000000e+03
1.097621497737264751e-01 4.044272241800515076e+03 3.902824444383182254e+03 3.920000000000000000e+03
1.161502569114246236e-01 3.838737433390316710e+03 3.697289635972983888e+03 4.368000000000000000e+03
1.224511299792719610e-01 3.667269464775353299e+03 3.525821667358020477e+03 4.706000000000000000e+03
1.287146397216415161e-01 3.468060373904313110e+03 3.326612576486980288e+03 5.312000000000000000e+03
1.349787624209431713e-01 3.263165471767405961e+03 3.121717674350073139e+03 5.712000000000000000e+03
1.412227094847550990e-01 2.980459386095579248e+03 2.839011588678246426e+03 6.380000000000000000e+03
1.475340300674937433e-01 2.775157919296688306e+03 2.633710121879355484e+03 6.966000000000000000e+03
1.538209950420127425e-01 2.572036573409090124e+03 2.430588775991757302e+03 7.448000000000000000e+03
1.600939799861342827e-01 2.395099938347884290e+03 2.253652140930551468e+03 8.252000000000000000e+03
1.664990542498203663e-01 2.300628403763992083e+03 2.159180606346659260e+03 9.032000000000000000e+03
1.728174132941030505e-01 2.184287340371560731e+03 2.042839542954227682e+03 9.454000000000000000e+03
1.789853057753862942e-01 2.094025785199780330e+03 1.952577987782447281e+03 9.842000000000000000e+03
1.852733873177464519e-01 2.002515620710526264e+03 1.861067823293193214e+03 1.128200000000000000e+04
1.915389716053957636e-01 1.861971979087278896e+03 1.720524181669945847e+03 1.131800000000000000e+04
1.978093968968032412e-01 1.791055967276556885e+03 1.649608169859223835e+03 1.268400000000000000e+04
2.041363739541903199e-01 1.718581248940688283e+03 1.577133451523355234e+03 1.328000000000000000e+04
2.104329801156032687e-01 1.623587374204988691e+03 1.482139576787655642e+03 1.408200000000000000e+04
2.167445339963977868e-01 1.552855315864657541e+03 1.411407518447324492e+03 1.513400000000000000e+04
2.230182219099299812e-01 1.491951196221690225e+03 1.350503398804357175e+03 1.561200000000000000e+04
2.292666160073620063e-01 1.406299354474597067e+03 1.264851557057264017e+03 1.673000000000000000e+04
2.355414553524693422e-01 1.362038042080113883e+03 1.220590244662780833e+03 1.765200000000000000e+04
2.418784335992887613e-01 1.324749969145479326e+03 1.183302171728146277e+03 1.889000000000000000e+04
2.481481271052154158e-01 1.241577968203898081e+03 1.100130170786565031e+03 1.929800000000000000e+04
2.543650879168818379e-01 1.208253420868071316e+03 1.066805623450738267e+03 2.047000000000000000e+04
2.606536864982170187e-01 1.173501043943749892e+03 1.032053246526416842e+03 2.174800000000000000e+04
2.669516384221341521e-01 1.125955999673648648e+03 9.845082022563157125e+02 2.269000000000000000e+04
2.732605699623428253e-01 1.090364820615180179e+03 9.489170231978472430e+02 2.392000000000000000e+04
2.796050098145749785e-01 1.048804255413251212e+03 9.073564579959182765e+02 2.524600000000000000e+04
2.858914879318384394e-01 1.013864733181067891e+03 8.724169357637349549e+02 2.568400000000000000e+04
2.920995948224677785e-01 9.847324468353937164e+02 8.432846494180607806e+02 2.681600000000000000e+04
2.983507476243664192e-01 9.711783318874109909e+02 8.297305344700780552e+02 2.844000000000000000e+04
3.046505408519667446e-01 9.285515136477828264e+02 7.871037162304498906e+02 2.953800000000000000e+04
3.109471038444538982e-01 9.006393529296161660e+02 7.591915555122832302e+02 3.094400000000000000e+04
3.172476750734718465e-01 8.854330828123795527e+02 7.439852853950466169e+02 3.198000000000000000e+04
3.235400448401911655e-01 8.653010657966035524e+02 7.238532683792706166e+02 3.352600000000000000e+04
3.298240459879566155e-01 8.367928297503563044e+02 6.953450323330233687e+02 3.446400000000000000e+04
3.361484519828671913e-01 7.998842705715447892e+02 6.584364731542118534e+02 3.651400000000000000e+04
3.424245328606954630e-01 7.885756817255968372e+02 6.471278843082639014e+02 3.675800000000000000e+04
3.486779824429606656e-01 7.716858840015275973e+02 6.302380865841946616e+02 3.881000000000000000e+04
3.549863988041813134e-01 7.523826992776388352e+02 6.109349018603058994e+02 4.041000000000000000e+04
3.612333738091870750e-01 7.441153441431471265e+02 6.026675467258141907e+02 4.071400000000000000e+04
3.675042092955584372e-01 7.211300463505787093e+02 5.796822489332457735e+02 4.367000000000000000e+04
3.737994570270907757e-01 7.053633158793666098e+02 5.639155184620336740e+02 4.398600000000000000e+04
3.800864636623462745e-01 6.892935678236824515e+02 5.478457704063495157e+02 4.642800000000000000e+04
3.863718149601460539e-01 6.744563330361364706e+02 5.330085356188035348e+02 4.723600000000000000e+04
3.926652062093009543e-01 6.550807851009737988e+02 5.136329876836408630e+02 4.938600000000000000e+04
3.989690954083237040e-01 6.400249847489825470e+02 4.985771873316496112e+02 5.079600000000000000e+04
4.052314429539636831e-01 6.317092509189233169e+02 4.902614535015903812e+02 5.174000000000000000e+04
4.115238727386639761e-01 6.156002094213737337e+02 4.741524120040407979e+02 5.460200000000000000e+04
4.178033403078543762e-01 6.026139476155473176e+02 4.611661501982143818e+02 5.484400000000000000e+04
4.240515472996450597e-01 5.984258213599981673e+02 4.569780239426652315e+02 5.723200000000000000e+04
4.303677505012359350e-01 5.877481868058566761e+02 4.463003893885237403e+02 5.964800000000000000e+04
4.366726307806358953e-01 5.745001016474229800e+02 4.330523042300900443e+02 6.038400000000000000e+04
4.429228297480427012e-01 5.706844908212767677e+02 4.292366934039438320e+02 6.217000000000000000e+04
4.491736915552866916e-01 5.581046508371542814e+02 4.166568534198213456e+02 6.383200000000000000e+04
4.554569188183393291e-01 5.478368393377471648e+02 4.063890419204142290e+02 6.627200000000000000e+04
4.617788911268420060e-01 5.385040934197580782e+02 3.970562960024251424e+02 6.860400000000000000e+04
4.680995906845802912e-01 5.258615139776649130e+02 3.844137165603319772e+02 6.982400000000000000e+04
4.743866829976556287e-01 5.174437685250441064e+02 3.759959711077111706e+02 7.159800000000000000e+04
4.806701266904181979e-01 5.069865669977920675e+02 3.655387695804590749e+02 7.363400000000000000e+04
4.869464029839004060e-01 5.032072712584915735e+02 3.617594738411586377e+02 7.514600000000000000e+04
4.932051255392171929e-01 4.943183548130793952e+02 3.528705573957464594e+02 7.732800000000000000e+04
4.994696626648479909e-01 4.874724399428358197e+02 3.460246425255028271e+02 7.884800000000000000e+04
5.057193073175597631e-01 4.775604626718692884e+02 3.361126652545362958e+02 8.116400000000000000e+04
5.119989495044070527e-01 4.758743175048903140e+02 3.344265200875573782e+02 8.364400000000000000e+04
5.183159826466314790e-01 4.665026520993467329e+02 3.250548546820137972e+02 8.615600000000000000e+04
5.246107092885408107e-01 4.577971066500069810e+02 3.163493092326740452e+02 8.741000000000000000e+04
5.308819677746196009e-01 4.499739935350313544e+02 3.085261961176984187e+02 8.933800000000000000e+04
5.371663275127862569e-01 4.447752296083885994e+02 3.033274321910556637e+02 9.246200000000000000e+04
5.434900758720350167e-01 4.435682739869288298e+02 3.021204765695958940e+02 9.450400000000000000e+04
5.497699542502575420e-01 4.325373759816504844e+02 2.910895785643175486e+02 9.565800000000000000e+04
5.560083363989032357e-01 4.277547676268166015e+02 2.863069702094836657e+02 9.759800000000000000e+04
5.623114537777685884e-01 4.208488562314021237e+02 2.794010588140691880e+02 1.019620000000000000e+05
5.686318313430648308e-01 4.176618384277111886e+02 2.762140410103781960e+02 1.029860000000000000e+05
5.748997298340194906e-01 4.143850322690946655e+02 2.729372348517616729e+02 1.044280000000000000e+05
5.811784316152807106e-01 4.087451880590644464e+02 2.672973906417314538e+02 1.082760000000000000e+05
5.874623501555152894e-01 4.035668509014090546e+02 2.621190534840760620e+02 1.091300000000000000e+05
5.937358705487374433e-01 3.990307411441146996e+02 2.575829437267817639e+02 1.124920000000000000e+05
6.000132321575981642e-01 3.936763017030519336e+02 2.522285042857189694e+02 1.142380000000000000e+05
6.062764279011477742e-01 3.905525929992556371e+02 2.491047955819226729e+02 1.165200000000000000e+05
6.125579126729602253e-01 3.839169096302400135e+02 2.424691122129070493e+02 1.198680000000000000e+05
6.188758883571132685e-01 3.827989713230330153e+02 2.413511739057000511e+02 1.227600000000000000e+05
6.251574688191492424e-01 3.766620563159051471e+02 2.352142588985721829e+02 1.235740000000000000e+05
6.314078328527679140e-01 3.750732430930069086e+02 2.336254456756739444e+02 1.265060000000000000e+05
6.377090179731219610e-01 3.689568235931746472e+02 2.275090261758416830e+02 1.303720000000000000e+05
6.440064460832264359e-01 3.687337019911498714e+02 2.272859045738169073e+02 1.318120000000000000e+05
6.502830651582106603e-01 3.611906671687761445e+02 2.197428697514431803e+02 1.344920000000000000e+05
6.565805265356863263e-01 3.601360785131196280e+02 2.186882810957866639e+02 1.379620000000000000e+05
6.628599596871522781e-01 3.536375291802347078e+02 2.121897317629017437e+02 1.390120000000000000e+05
6.691298853551562731e-01 3.510763080802742024e+02 2.096285106629412383e+02 1.425480000000000000e+05
6.754222718254296876e-01 3.484758826273499608e+02 2.070280852100169966e+02 1.458880000000000000e+05
6.816939054591842906e-01 3.460052069541233095e+02 2.045574095367903453e+02 1.465620000000000000e+05
6.879709791718701117e-01 3.432864729361716627e+02 2.018386755188386985e+02 1.517500000000000000e+05
6.942614105711022443e-01 3.400077660224947635e+02 1.985599686051617994e+02 1.526260000000000000e+05
7.005365424756659909e-01 3.343100619517478549e+02 1.928622645344148907e+02 1.565860000000000000e+05
7.068233029523925959e-01 3.338145490147268788e+02 1.923667515973939146e+02 1.590780000000000000e+05
7.131225830129004351e-01 3.303525694541371536e+02 1.889047720368041894e+02 1.622900000000000000e+05
7.194106404935602939e-01 3.271081030168492703e+02 1.856603055995163061e+02 1.647700000000000000e+05
7.256916467573152341e-01 3.248519821539591135e+02 1.834041847366261493e+02 1.674660000000000000e+05
7.319862263035085137e-01 3.202214256681749021e+02 1.787736282508419379e+02 1.713680000000000000e+05
7.382778109483263407e-01 3.208754975972426564e+02 1.794277001799096922e+02 1.730960000000000000e+05
7.445474719729404667e-01 3.171152812174167934e+02 1.756674838000838292e+02 1.760120000000000000e+05
7.508031991267573035e-01 3.126239263358822882e+02 1.711761289185493240e+02 1.785720000000000000e+05
7.570835243855718044e-01 3.100653273146089077e+02 1.686175298972759435e+02 1.828740000000000000e+05
7.633725915964089115e-01 3.087160951217560410e+02 1.672682977044230768e+02 1.855560000000000000e+05
7.696559165320593365e-01 3.050718830261003518e+02 1.636240856087673876e+02 1.883800000000000000e+05
7.759472068200509165e-01 3.036186174053322020e+02 1.621708199879992378e+02 1.923620000000000000e+05
7.822420857509159164e-01 3.021596470626708424e+02 1.607118496453378782e+02 1.948920000000000000e+05
7.885501419914293653e-01 2.999035505852590973e+02 1.584557531679261331e+02 1.992240000000000000e+05
7.948038474963337041e-01 2.982872881253774722e+02 1.568394907080445080e+02 1.980620000000000000e+05
8.010520907109800470e-01 2.967096391835408440e+02 1.552618417662078798e+02 2.048760000000000000e+05
8.073556460726576400e-01 2.946916554715324992e+02 1.532438580541995350e+02 2.082080000000000000e+05
8.136472652876408640e-01 2.920397090062924121e+02 1.505919115889594480e+02 2.106380000000000000e+05
8.199328051877485812e-01 2.909821455151029568e+02 1.495343480977699926e+02 2.141460000000000000e+05
8.262092250684122119e-01 2.875160243463197389e+02 1.460682269289867747e+02 2.167700000000000000e+05
8.325052758042271739e-01 2.859136901402193871e+02 1.444658927228864229e+02 2.218980000000000000e+05
8.388116654351844836e-01 2.848829962031408627e+02 1.434351987858078985e+02 2.244000000000000000e+05
8.450849103364239667e-01 2.824524708685901260e+02 1.410046734512571618e+02 2.263060000000000000e+05
8.513462727474617742e-01 2.802456816284397405e+02 1.387978842111067763e+02 2.298240000000000000e+05
8.576284146508676987e-01 2.791231687690612375e+02 1.376753713517282733e+02 2.351900000000000000e+05
8.639203271423162578e-01 2.771377274769719179e+02 1.356899300596389537e+02 2.369960000000000000e+05
8.702001278720664645e-01 2.746229183949028538e+02 1.331751209775698896e+02 2.415680000000000000e+05
8.764772930847268828e-01 2.738702796809683946e+02 1.324224822636354304e+02 2.433340000000000000e+05
8.827715178895144676e-01 2.701502455552267747e+02 1.287024481378938106e+02 2.500580000000000000e+05
8.890536686845070813e-01 2.703040886636999858e+02 1.288562912463670216e+02 2.498260000000000000e+05
8.953222746762443673e-01 2.684462918037728514e+02 1.269984943864398872e+02 2.554020000000000000e+05
9.016064535102598088e-01 2.675074014213705595e+02 1.260596040040375954e+02 2.588880000000000000e+05
9.078934899700541461e-01 2.645229947630088532e+02 1.230751973456758890e+02 2.622400000000000000e+05
9.141879395382898066e-01 2.640474664968546676e+02 1.225996690795217035e+02 2.673220000000000000e+05
9.204870069999977478e-01 2.632380071982540244e+02 1.217902097809210602e+02 2.697820000000000000e+05
9.267634485314798498e-01 2.614952309162675306e+02 1.200474334989345664e+02 2.725480000000000000e+05
9.330398908859652840e-01 2.601594992644040758e+02 1.187117018470711116e+02 2.775220000000000000e+05
9.393419790538620751e-01 2.578959692476267378e+02 1.164481718302937736e+02 2.819920000000000000e+05
9.456138811139273015e-01 2.561805148650690853e+02 1.147327174477361211e+02 2.827100000000000000e+05
9.518752143586322045e-01 2.553140255294542271e+02 1.138662281121212629e+02 2.881620000000000000e+05
9.581565932480536896e-01 2.539057019265129895e+02 1.124579045091800253e+02 2.922500000000000000e+05
9.644556692432024736e-01 2.533897528953755796e+02 1.119419554780426154e+02 2.976780000000000000e+05
9.707473583964632002e-01 2.512307174457682493e+02 1.097829200284352851e+02 2.990500000000000000e+05
9.770167227541187716e-01 2.508213702245749346e+02 1.093735728072419704e+02 3.035940000000000000e+05
9.832935359933105968e-01 2.485214230310681671e+02 1.070736256137352029e+02 3.072180000000000000e+05
9.895688562506220753e-01 2.479095886900944095e+02 1.064617912727614453e+02 3.115520000000000000e+05
9.958591531227547478e-01 2.465390835560085065e+02 1.050912861386755424e+02 3.166400000000000000e+05
1.002144834684193242e+00 2.449442864029679470e+02 1.034964889856349828e+02 3.188100000000000000e+05
1.008417393835248532e+00 2.440081510348013865e+02 1.025603536174684223e+02 3.236140000000000000e+05
1.014706927655060875e+00 2.429998444757600282e+02 1.015520470584270640e+02 3.281640000000000000e+05
1.020995821536768045e+00 2.417428981970199686e+02 1.002951007796870044e+02 3.322980000000000000e+05
1.027277321758624629e+00 2.417070046634773917e+02 1.002592072461444275e+02 3.352360000000000000e+05
1.033577629488106275e+00 2.391942753534315500e+02 9.774647793609858581e+01 3.423460000000000000e+05
1.039864888978200064e+00 2.384980242787869145e+02 9.705022686145395028e+01 3.426120000000000000e+05
1.046131543025751398e+00 2.381053333226776658e+02 9.665753590534470163e+01 3.478080000000000000e+05
1.052408295901959612e+00 2.364947196182073412e+02 9.504692220087437704e+01 3.527840000000000000e+05
1.058689459756216866e+00 2.367604795668944746e+02 9.531268214956151041e+01 3.560160000000000000e+05
1.064973476309879485e+00 2.350289070080118279e+02 9.358110959067886370e+01 3.617640000000000000e+05
1.071260228414355753e+00 2.345175225976329045e+02 9.306972518029994035e+01 3.652380000000000000e+05
1.077547506273993205e+00 2.335858173165491394e+02 9.213801989921617519e+01 3.698500000000000000e+05
1.083834594251098959e+00 2.324826210277477969e+02 9.103482361041483273e+01 3.744400000000000000e+05
1.090123338753580029e+00 2.302738253272789564e+02 8.882602790994599218e+01 3.779460000000000000e+05
1.096402047628067811e+00 2.300475942477671651e+02 8.859979683043420096e+01 3.828480000000000000e+05
1.102686734177269923e+00 2.284268671625671061e+02 8.697906974523414192e+01 3.870080000000000000e+05
1.108974905272321010e+00 2.282447591521577408e+02 8.679696173482477661e+01 3.918200000000000000e+05
1.115240505002667248e+00 2.268811295502202086e+02 8.543333213288724437e+01 3.936120000000000000e+05
1.121510968507875017e+00 2.263581863186881264e+02 8.491038890135516226e+01 4.007140000000000000e+05
1.127801000874616433e+00 2.250770983276832169e+02 8.362930091035025271e+01 4.057940000000000000e+05
1.134097027651290723e+00 2.245689372720962922e+02 8.312113985476332800e+01 4.099040000000000000e+05
1.140372932967484543e+00 2.238690816467664320e+02 8.242128422943346777e+01 4.124720000000000000e+05
1.146644399550673876e+00 2.232858043377428885e+02 8.183800692040992431e+01 4.185640000000000000e+05
1.152943533572619028e+00 2.219863210476480333e+02 8.053852363031506911e+01 4.250340000000000000e+05
1.159234629937837324e+00 2.229982797200531763e+02 8.155048230272021215e+01 4.270920000000000000e+05
1.165519427699577504e+00 2.203014759276447023e+02 7.885367851031173814e+01 4.331780000000000000e+05
1.171801113533186500e+00 2.188983209281929589e+02 7.745052351085999476e+01 4.360040000000000000e+05
1.178090415441370498e+00 2.188386912163293516e+02 7.739089379899638743e+01 4.439880000000000000e+05
1.184382922568056218e+00 2.175442074699070645e+02 7.609641005257410029e+01 4.453300000000000000e+05
1.190653318049772258e+00 2.179059702685195248e+02 7.645817285118656059e+01 4.508360000000000000e+05
1.196918726837574054e+00 2.166705759293216715e+02 7.522277851198870735e+01 4.537220000000000000e+05
1.203203941861949566e+00 2.160347469935405798e+02 7.458694957620761556e+01 4.634540000000000000e+05
1.209492404352916051e+00 2.151652543232657422e+02 7.371745690593277800e+01 4.638000000000000000e+05
1.215771355333522763e+00 2.144667415098820697e+02 7.301894409254910556e+01 4.715780000000000000e+05
1.222064664468862416e+00 2.143560495952089582e+02 7.290825217787599399e+01 4.760860000000000000e+05
1.228353922954420918e+00 2.136166196909648818e+02 7.216882227363191760e+01 4.800280000000000000e+05
1.234638470013954770e+00 2.120834911874649436e+02 7.063569377013197936e+01 4.861600000000000000e+05
1.240913261509356103e+00 2.112175933634286764e+02 6.976979594609571222e+01 4.877540000000000000e+05
1.247188250643475937e+00 2.112584657263236352e+02 6.981066830899067099e+01 4.961340000000000000e+05
1.253473069443996613e+00 2.106503278875205183e+02 6.920253047018755410e+01 4.994820000000000000e+05
1.259761898162141902e+00 2.098643039172917213e+02 6.841650649995875710e+01 5.065000000000000000e+05
1.266044124118156144e+00 2.085726219523714065e+02 6.712482453503844226e+01 5.091880000000000000e+05
1.272325893222376436e+00 2.085056885756490033e+02 6.705789115831603908e+01 5.154900000000000000e+05
1.278614164208257353e+00 2.078973291246281008e+02 6.644953170729513658e+01 5.212680000000000000e+05
1.284892611208029889e+00 2.068916109227958202e+02 6.544381350546285603e+01 5.238700000000000000e+05
1.291183645279231351e+00 2.063669524983240819e+02 6.491915508099111776e+01 5.336400000000000000e+05
1.297481503837926153e+00 2.058786718048590387e+02 6.443087438752607454e+01 5.355220000000000000e+05
1.303753723784867535e+00 2.056470040286829999e+02 6.419920661135003570e+01 5.391000000000000000e+05
1.310018983865986586e+00 2.038737127062321122e+02 6.242591528889914798e+01 5.455720000000000000e+05
1.316308510930670250e+00 2.045170377859402890e+02 6.306924036860732485e+01 5.530760000000000000e+05
1.322598362398576421e+00 2.034438534124637954e+02 6.199605599513083121e+01 5.564880000000000000e+05
1.328872053478450166e+00 2.040486604419947696e+02 6.260086302466180541e+01 5.606140000000000000e+05
1.335152188378053495e+00 2.025339248900724272e+02 6.108612747273946297e+01 5.684260000000000000e+05
1.341449661995184561e+00 2.021337793027863370e+02 6.068598188545337280e+01 5.746600000000000000e+05
1.347738927854007729e+00 2.015026887516289662e+02 6.005489133429600201e+01 5.770720000000000000e+05
1.354008700766087481e+00 2.018696953637214904e+02 6.042189794638852618e+01 5.822700000000000000e+05
1.360289660314967009e+00 2.007887885764164935e+02 5.934099115908352928e+01 5.901560000000000000e+05
1.366572251586567699e+00 1.998975352858093970e+02 5.844973786847643282e+01 5.928000000000000000e+05
1.372860453050388063e+00 1.999728607127032376e+02 5.852506329537027341e+01 6.027740000000000000e+05
1.379145023090685429e+00 1.989881554899704383e+02 5.754035807263747415e+01 6.026980000000000000e+05
1.385414535762269361e+00 1.986463729774704916e+02 5.719857556013752742e+01 6.111620000000000000e+05
1.391706524900663045e+00 1.982234401099788101e+02 5.677564269264584595e+01 6.180140000000000000e+05
1.397995531958892590e+00 1.983201923623954315e+02 5.687239494506246729e+01 6.215880000000000000e+05
1.404274192284941769e+00 1.971667947000700849e+02 5.571899728273712071e+01 6.277440000000000000e+05
1.410561555672766865e+00 1.966145667754311432e+02 5.516676935809817905e+01 6.335400000000000000e+05
1.416846912008939086e+00 1.965378533269387447e+02 5.509005590960578047e+01 6.397320000000000000e+05
1.423125133292065136e+00 1.960127626983995413e+02 5.456496528106657706e+01 6.426020000000000000e+05
1.429404784151020458e+00 1.954849218320198645e+02 5.403712441468690031e+01 6.518900000000000000e+05
1.435691047292837252e+00 1.950211021956425554e+02 5.357330477830959126e+01 6.552160000000000000e+05
1.441980674135391771e+00 1.939150834203505553e+02 5.246728600301759116e+01 6.637680000000000000e+05
1.448270256156670488e+00 1.935758634819008819e+02 5.212806606456791769e+01 6.676260000000000000e+05
1.454546622628224650e+00 1.938823422060147266e+02 5.243454478868176238e+01 6.716420000000000000e+05
1.460820715374602674e+00 1.930654288139351706e+02 5.161763139660220645e+01 6.794060000000000000e+05
1.467116879073512736e+00 1.927861336322511647e+02 5.133833621491820054e+01 6.874520000000000000e+05
1.473402996227505257e+00 1.917441177601177174e+02 5.029632034278475317e+01 6.894720000000000000e+05
1.479676491952220729e+00 1.916192535526084839e+02 5.017145613527551973e+01 6.966860000000000000e+05
1.485967553866846869e+00 1.916884454036693342e+02 5.024064798633636997e+01 7.043380000000000000e+05
1.492246821535899048e+00 1.913483988637353264e+02 4.990060144640236217e+01 7.067400000000000000e+05
1.498509554578234537e+00 1.905496331729681572e+02 4.910183575563519298e+01 7.122360000000000000e+05
1.504789768773060477e+00 1.902056468575159158e+02 4.875784944018295164e+01 7.226580000000000000e+05
1.511081932996167110e+00 1.895666005103499856e+02 4.811880309301702141e+01 7.268980000000000000e+05
1.517368266691215162e+00 1.891875530139023738e+02 4.773975559656940959e+01 7.332820000000000000e+05
1.523654636026075648e+00 1.891364315842789949e+02 4.768863416694603075e+01 7.396640000000000000e+05
1.529943441059384845e+00 1.888162418692332380e+02 4.736844445190027386e+01 7.455940000000000000e+05
1.536239025868725072e+00 1.878504323877540401e+02 4.640263497042107588e+01 7.536480000000000000e+05
1.542520371859912531e+00 1.876755285636126587e+02 4.622773114627969449e+01 7.545420000000000000e+05
1.548788934475642254e+00 1.874412115108181638e+02 4.599341409348519960e+01 7.626580000000000000e+05
1.555076717032853217e+00 1.869118110269058093e+02 4.546401360957284510e+01 7.721700000000000000e+05
1.561367597618051883e+00 1.865439095368967628e+02 4.509611211956379861e+01 7.751460000000000000e+05
1.567640799474913083e+00 1.865423807672429746e+02 4.509458334991001038e+01 7.806720000000000000e+05
1.573918091021587307e+00 1.861194829751270561e+02 4.467168555779409189e+01 7.887520000000000000e+05
1.580208770922777894e+00 1.853595898737894458e+02 4.391179245645648166e+01 7.962340000000000000e+05
1.586494501348699515e+00 1.846927350642505985e+02 4.324493764691763431e+01 8.007500000000000000e+05
1.592767039126987694e+00 1.845865225948612931e+02 4.313872517752832891e+01 8.048100000000000000e+05
1.599052488140243256e+00 1.843172819797340196e+02 4.286948456240105543e+01 8.176280000000000000e+05
1.605347362928585930e+00 1.844818310506480827e+02 4.303403363331511855e+01 8.192580000000000000e+05
1.611624469631112389e+00 1.837525399940785462e+02 4.230474257674558203e+01 8.265800000000000000e+05
1.617906873560414516e+00 1.839594013173692701e+02 4.251160390003630596e+01 8.332260000000000000e+05
1.624193727299755308e+00 1.829674082959458588e+02 4.151961087861289457e+01 8.401780000000000000e+05
1.630471782443348783e+00 1.829703579425526812e+02 4.152256052521971696e+01 8.448300000000000000e+05
1.636760164716084098e+00 1.828191768001943274e+02 4.137137938286136318e+01 8.551300000000000000e+05
1.643043464683600297e+00 1.823176061773811796e+02 4.086980876004821539e+01 8.575060000000000000e+05
1.649316977887778979e+00 1.819165048064262464e+02 4.046870738909328225e+01 8.644800000000000000e+05
1.655599056937107516e+00 1.820805216676107818e+02 4.063272425027781765e+01 8.738480000000000000e+05
1.661884166769115767e+00 1.814326047951906276e+02 3.998480737785766337e+01 8.783400000000000000e+05
1.668176504354522471e+00 1.812859887782399255e+02 3.983819136090696134e+01 8.889200000000000000e+05
1.674458683878514931e+00 1.811371224737872865e+02 3.968932505645432229e+01 8.893580000000000000e+05
1.680728630093367038e+00 1.808060450312727312e+02 3.935824761393976701e+01 8.981800000000000000e+05
1.687019939142594183e+00 1.800393124338747270e+02 3.859151501654176286e+01 9.095840000000000000e+05
1.693318824324689276e+00 1.799266199735520786e+02 3.847882255621911440e+01 9.136000000000000000e+05
1.699588010948696493e+00 1.794662245211021911e+02 3.801842710376922696e+01 9.141300000000000000e+05
1.705865055857039181e+00 1.793949097193156490e+02 3.794711230198268481e+01 9.300560000000000000e+05
1.712165335543606837e+00 1.793960276660505997e+02 3.794823024871763550e+01 9.342660000000000000e+05
1.718451221796237549e+00 1.784733253987141381e+02 3.702552798138117396e+01 9.398780000000000000e+05
1.724725883597690634e+00 1.784501449880573318e+02 3.700234757072436764e+01 9.443780000000000000e+05
1.731001460952539039e+00 1.782055619278897893e+02 3.675776451055682514e+01 9.535880000000000000e+05
1.737293076086154020e+00 1.782676523117666534e+02 3.681985489443368920e+01 9.640360000000000000e+05
1.743575012025098125e+00 1.772960130467182864e+02 3.584821562938532225e+01 9.634900000000000000e+05
1.749853765858601529e+00 1.772809987162591483e+02 3.583320129892618411e+01 9.778260000000000000e+05
1.756139760422475327e+00 1.772633646335036417e+02 3.581556721617067751e+01 9.793740000000000000e+05
1.762418064231706216e+00 1.769138075889591732e+02 3.546601017162620906e+01 9.891060000000000000e+05
1.768704373978918332e+00 1.771418672768799070e+02 3.569406985954694278e+01 9.968660000000000000e+05
1.774989017499519983e+00 1.766481725749953000e+02 3.520037515766233582e+01 1.001708000000000000e+06
1.781271339834514134e+00 1.764119584413443533e+02 3.496416102401138915e+01 1.011292000000000000e+06
1.787557810851539308e+00 1.758826518840023994e+02 3.443485446666943517e+01 1.016394000000000000e+06
1.793844465061326554e+00 1.750791435508214988e+02 3.363134613348853463e+01 1.026530000000000000e+06
1.800123882125254315e+00 1.752550375155738891e+02 3.380724009824092491e+01 1.028166000000000000e+06
1.806399855932671716e+00 1.752332841825319178e+02 3.378548676519895366e+01 1.039020000000000000e+06
1.812677292178102029e+00 1.749172771399592534e+02 3.346947972262628923e+01 1.044114000000000000e+06
1.818962554020154831e+00 1.745342744004569795e+02 3.308647698312401531e+01 1.055160000000000000e+06
1.825254388213496393e+00 1.742397257130855053e+02 3.279192829575254109e+01 1.061910000000000000e+06
1.831535832002544106e+00 1.742895209215902526e+02 3.284172350425728837e+01 1.065538000000000000e+06
1.837815550403961051e+00 1.738717447830097740e+02 3.242394736567680980e+01 1.075850000000000000e+06
1.844109001519104174e+00 1.737932244684891145e+02 3.234542705115615036e+01 1.085614000000000000e+06
1.850394624542057054e+00 1.734294414311625587e+02 3.198164401382959454e+01 1.087722000000000000e+06
1.856670888758223281e+00 1.733175157954405563e+02 3.186971837810759212e+01 1.096876000000000000e+06
1.862955904437998855e+00 1.728433420302261538e+02 3.139554461289318965e+01 1.105496000000000000e+06
1.869239093965251008e+00 1.727333435062034823e+02 3.128554608887051813e+01 1.111720000000000000e+06
1.875524551422873554e+00 1.724976105177630643e+02 3.104981310043010012e+01 1.121280000000000000e+06
1.881807982104247490e+00 1.725137624198080744e+02 3.106596500247511017e+01 1.125186000000000000e+06
1.888084182640285436e+00 1.724391148277489947e+02 3.099131741041603050e+01 1.134232000000000000e+06
1.894359184767357762e+00 1.718709446331873494e+02 3.042314721585438519e+01 1.139920000000000000e+06
1.900652335243679270e+00 1.715536643589707921e+02 3.010586694163782795e+01 1.156084000000000000e+06
1.906941434140952518e+00 1.714999174377434770e+02 3.005212002041051278e+01 1.153348000000000000e+06
1.913211010588978134e+00 1.710040188555413465e+02 2.955622143820838232e+01 1.163962000000000000e+06
1.919497353804973994e+00 1.710748516411052265e+02 2.962705422377226228e+01 1.175698000000000000e+06
1.925784376717101232e+00 1.703844523896476062e+02 2.893665497231464201e+01 1.178618000000000000e+06
1.932070295894139811e+00 1.707769736707070365e+02 2.932917625337407230e+01 1.191414000000000000e+06
1.938347681358776109e+00 1.705317220609057074e+02 2.908392464357274321e+01 1.190388000000000000e+06
1.944622715438230065e+00 1.705053118108334331e+02 2.905751439350046894e+01 1.205992000000000000e+06
1.950912101770938545e+00 1.698238997011359004e+02 2.837610228380293620e+01 1.212094000000000000e+06
1.957200170150135810e+00 1.700890156271227340e+02 2.864121820978976984e+01 1.220074000000000000e+06
1.963483156116985873e+00 1.699863280501688507e+02 2.853853063283588654e+01 1.226826000000000000e+06
1.969764663919415071e+00 1.697094773862406214e+02 2.826167996890765721e+01 1.234274000000000000e+06
1.976058795452903194e+00 1.696546611987976405e+02 2.820686378146467632e+01 1.248286000000000000e+06
1.982347818239277082e+00 1.697336448057671987e+02 2.828584738843423452e+01 1.247764000000000000e+06
1.988621905801704060e+00 1.686592280364635599e+02 2.721143061913059569e+01 1.258144000000000000e+06
1.994901683859673147e+00 1.685496077497627141e+02 2.710181033242974991e+01 1.266462000000000000e+06
2.001185568350352106e+00 1.688175055046036732e+02 2.736970808727070903e+01 1.274682000000000000e+06
2.007463530968069509e+00 1.684196250596186815e+02 2.697182764228571727e+01 1.281282000000000000e+06
2.013743684507833809e+00 1.681969610046580215e+02 2.674916358732505728e+01 1.290814000000000000e+06
2.020026468512655438e+00 1.680916004028264865e+02 2.664380298549352233e+01 1.298642000000000000e+06
2.026317940332479139e+00 1.679919901577534063e+02 2.654419274042044208e+01 1.310514000000000000e+06
2.032605346556254133e+00 1.678020696726877361e+02 2.635427225535477191e+01 1.313348000000000000e+06
2.038876250754864561e+00 1.674690224972929684e+02 2.602122507996000422e+01 1.320124000000000000e+06
2.045156862230546491e+00 1.673470673373832653e+02 2.589926992005030115e+01 1.333076000000000000e+06
2.051450376459333036e+00 1.673115923665905598e+02 2.586379494925759559e+01 1.342160000000000000e+06
2.057735646516794858e+00 1.672741409572703333e+02 2.582634353993736909e+01 1.346470000000000000e+06
2.064019658255301426e+00 1.667817238115798091e+02 2.533392639424684489e+01 1.357668000000000000e+06
2.070309709613492366e+00 1.668411962691946542e+02 2.539339885186168999e+01 1.365808000000000000e+06
2.076598642179291243e+00 1.664899323650219571e+02 2.504213494768899295e+01 1.373258000000000000e+06
2.082870032339927402e+00 1.661987040271677074e+02 2.475090660983474322e+01 1.375392000000000000e+06
2.089134787055322295e+00 1.660148843375153263e+02 2.456708692018236206e+01 1.386994000000000000e+06
2.095425627190938389e+00 1.661081979721029427e+02 2.466040055476997850e+01 1.402688000000000000e+06
2.101711371004562512e+00 1.659521703502153116e+02 2.450437293288234741e+01 1.402456000000000000e+06
2.107989648687532469e+00 1.659739437441850214e+02 2.452614632685205720e+01 1.415562000000000000e+06
2.114274413323816493e+00 1.657188404511177282e+02 2.427104303378476402e+01 1.423152000000000000e+06
2.120557238443375958e+00 1.657634372364076683e+02 2.431563981907470406e+01 1.430474000000000000e+06
2.126845280632974067e+00 1.654085270923137614e+02 2.396072967498079720e+01 1.442654000000000000e+06
2.133128554780450159e+00 1.653126203220982688e+02 2.386482290476530466e+01 1.446292000000000000e+06
2.139412332467919065e+00 1.652071587551041603e+02 2.375936133777119608e+01 1.458674000000000000e+06
2.145698003662099396e+00 1.649464323537974622e+02 2.349863493646449797e+01 1.465518000000000000e+06
2.151977195668531184e+00 1.646200827879829944e+02 2.317228537065003025e+01 1.471640000000000000e+06
2.158263209952423267e+00 1.644537380334397199e+02 2.300594061610675567e+01 1.486868000000000000e+06
2.164552162632372490e+00 1.645443165791801903e+02 2.309651916184722609e+01 1.490076000000000000e+06
2.170839225012531681e+00 1.645897709599917675e+02 2.314197354265880335e+01 1.502730000000000000e+06
2.177120082977427540e+00 1.645409493553626419e+02 2.309315193802967769e+01 1.505460000000000000e+06
2.183393121055990260e+00 1.643197390776017812e+02 2.287194166026881703e+01 1.515192000000000000e+06
2.189672152712972331e+00 1.642642512393164509e+02 2.281645382198348670e+01 1.527176000000000000e+06
2.195961755713628616e+00 1.636249535338895384e+02 2.217715611655657426e+01 1.536762000000000000e+06
2.202246728716700463e+00 1.633455717065816089e+02 2.189777428924864466e+01 1.542760000000000000e+06
2.208524403202436037e+00 1.635482163019603661e+02 2.210041888462740189e+01 1.550958000000000000e+06
2.214806392550185965e+00 1.636250598884197700e+02 2.217726247108680582e+01 1.562242000000000000e+06
2.221097232089587870e+00 1.633092749157003993e+02 2.186147749836743515e+01 1.573636000000000000e+06
2.227379738633999295e+00 1.630358100312478484e+02 2.158801261391488424e+01 1.575424000000000000e+06
2.233661892530534487e+00 1.629228899869908389e+02 2.147509256965787472e+01 1.591318000000000000e+06
2.239944725315571095e+00 1.628785667797675671e+02 2.143076936243460295e+01 1.593836000000000000e+06
2.246225895079906554e+00 1.625475850100083619e+02 2.109978759267539772e+01 1.608032000000000000e+06
2.252509804346050082e+00 1.626319884564123015e+02 2.118419103907933732e+01 1.613848000000000000e+06
2.258786271982848870e+00 1.624679470325924910e+02 2.102014961525952685e+01 1.621344000000000000e+06
2.265071686104545012e+00 1.624738501884254163e+02 2.102605277109245208e+01 1.636986000000000000e+06
2.271353283744287577e+00 1.619525861431410192e+02 2.050478872580805501e+01 1.637896000000000000e+06
2.277641683762936520e+00 1.625678172443418532e+02 2.112001982700888902e+01 1.657744000000000000e+06
2.283930104798850280e+00 1.618649780390482533e+02 2.041718062171528913e+01 1.657162000000000000e+06
2.290207926740317035e+00 1.620230077163234625e+02 2.057521029899049836e+01 1.669282000000000000e+06
2.296494840186173114e+00 1.619164119389773475e+02 2.046861452164438333e+01 1.681784000000000000e+06
2.302772905700670947e+00 1.617602371387208109e+02 2.031243972138784670e+01 1.681712000000000000e+06
2.309052374557129195e+00 1.614939048699467037e+02 2.004610745261373950e+01 1.701460000000000000e+06
2.315343134461879337e+00 1.615588724233873563e+02 2.011107500605439213e+01 1.706278000000000000e+06
2.321633141999085659e+00 1.613974497468411187e+02 1.994965232950815448e+01 1.719040000000000000e+06
2.327916355392010139e+00 1.615872217056924853e+02 2.013942428835952114e+01 1.722426000000000000e+06
2.334190722001127316e+00 1.613150247206866368e+02 1.986722730335367260e+01 1.731242000000000000e+06
2.340473130334892460e+00 1.610448865867330426e+02 1.959708916940007839e+01 1.746678000000000000e+06
2.346761369860457247e+00 1.608865080419650155e+02 1.943871062463205135e+01 1.752724000000000000e+06
2.353047769056515470e+00 1.609155785327433534e+02 1.946778111541038925e+01 1.764314000000000000e+06
2.359330397319757022e+00 1.608621722515371744e+02 1.941437483420421017e+01 1.770156000000000000e+06
2.365605034054369060e+00 1.606879114920772338e+02 1.924011407474426960e+01 1.777436000000000000e+06
2.371891455909768354e+00 1.608322620180365448e+02 1.938446460070358057e+01 1.797104000000000000e+06
2.378179546072414663e+00 1.604557835645200612e+02 1.900798614718709700e+01 1.796398000000000000e+06
2.384457586600779333e+00 1.605068133614146859e+02 1.905901594408172173e+01 1.810884000000000000e+06
2.390743123140302018e+00 1.604363593782280759e+02 1.898856196089511172e+01 1.819896000000000000e+06
2.397020324856477647e+00 1.601522555383921258e+02 1.870445812105916161e+01 1.824020000000000000e+06
2.403297352078177518e+00 1.602560970734811576e+02 1.880829965614819344e+01 1.840406000000000000e+06
