# # k, P(k),P(k)-shotnoise, Nmodes
8.899641224696953554e-03 4.941666181754368881e+04 4.936210262797025644e+04 2.600000000000000000e+01
1.507912216506558135e-02 7.364623251391974918e+04 7.359167332434630953e+04 6.600000000000000000e+01
2.144790186456837014e-02 7.314257037892758672e+04 7.308801118935414706e+04 1.580000000000000000e+02
2.792609073416789378e-02 6.250613448635138047e+04 6.245157529677794810e+04 2.400000000000000000e+02
3.439458802618463457e-02 5.092218851386023016e+04 5.086762932428679778e+04 4.040000000000000000e+02
4.063552503253392567e-02 4.136811162321703159e+04 4.131355243364359922e+04 4.920000000000000000e+02
4.685273545737825979e-02 3.840379291065262805e+04 3.834923372107919567e+04 7.160000000000000000e+02
5.308225101765943338e-02 3.553560218688039458e+04 3.548104299730696221e+04 8.660000000000000000e+02
5.947086026992840641e-02 3.475832763782307302e+04 3.470376844824964064e+04 1.176000000000000000e+03
6.579000890571343185e-02 3.225551747074705781e+04 3.220095828117362544e+04 1.358000000000000000e+03
7.197688940286899040e-02 2.968909551401147837e+04 2.963453632443804599e+04 1.620000000000000000e+03
7.827860915688306109e-02 2.798879163805346980e+04 2.793423244848003742e+04 1.970000000000000000e+03
8.473402853143152669e-02 2.499789136573737051e+04 2.494333217616393813e+04 2.388000000000000000e+03
9.114995057719250948e-02 2.270012272167946867e+04 2.264556353210603629e+04 2.642000000000000000e+03
9.733441570868076043e-02 2.047876851219919263e+04 2.042420932262576025e+04 2.948000000000000000e+03
1.034823507189909925e-01 1.975435330370193697e+04 1.969979411412850459e+04 3.312000000000000000e+03
1.097621497737264751e-01 1.831988888204637624e+04 1.826532969247294386e+04 3.920000000000000000e+03
1.161502569114246236e-01 1.749931634666851824e+04 1.744475715709508586e+04 4.368000000000000000e+03
1.224511299792719610e-01 1.666564375492107138e+04 1.661108456534763900e+04 4.706000000000000000e+03
1.287146397216415161e-01 1.645049400180748125e+04 1.639593481223404888e+04 5.312000000000000000e+03
1.349787624209431713e-01 1.593564877931788578e+04 1.588108958974445159e+04 5.712000000000000000e+03
1.412227094847550990e-01 1.510946117655085436e+04 1.505490198697742017e+04 6.380000000000000000e+03
1.475340300674937433e-01 1.434849924167206700e+04 1.429394005209863280e+04 6.966000000000000000e+03
1.538209950420127425e-01 1.386242964942327308e+04 1.380787045984983888e+04 7.448000000000000000e+03
1.600939799861342827e-01 1.356186755227750109e+04 1.350730836270406689e+04 8.252000000000000000e+03
1.664990542498203663e-01 1.298065910421227454e+04 1.292609991463884035e+04 9.032000000000000000e+03
1.728174132941030505e-01 1.266826036227798795e+04 1.261370117270455376e+04 9.454000000000000000e+03
1.789853057753862942e-01 1.215316983512676779e+04 1.209861064555333360e+04 9.842000000000000000e+03
1.852733873177464519e-01 1.217537231593167598e+04 1.212081312635824179e+04 1.128200000000000000e+04
1.915389716053957636e-01 1.155426849544396828e+04 1.149970930587053408e+04 1.131800000000000000e+04
1.978093968968032412e-01 1.132224129633659140e+04 1.126768210676315721e+04 1.268400000000000000e+04
2.041363739541903199e-01 1.127145691362946673e+04 1.121689772405603253e+04 1.328000000000000000e+04
2.104329801156032687e-01 1.094836702843833518e+04 1.089380783886490099e+04 1.408200000000000000e+04
2.167445339963977868e-01 1.065138790342786160e+04 1.059682871385442741e+04 1.513400000000000000e+04
2.230182219099299812e-01 1.033329666090163846e+04 1.027873747132820426e+04 1.561200000000000000e+04
2.292666160073620063e-01 1.026788547646273764e+04 1.021332628688930345e+04 1.673000000000000000e+04
2.355414553524693422e-01 1.022921783250946464e+04 1.017465864293603045e+04 1.765200000000000000e+04
2.418784335992887613e-01 9.967678722648688563e+03 9.913119533075254367e+03 1.889000000000000000e+04
2.481481271052154158e-01 9.760944479452278756e+03 9.706385289878844560e+03 1.929800000000000000e+04
2.543650879168818379e-01 9.519539323177174083e+03 9.464980133603739887e+03 2.047000000000000000e+04
2.606536864982170187e-01 9.599041553237992048e+03 9.544482363664557852e+03 2.174800000000000000e+04
2.669516384221341521e-01 9.487077038638037266e+03 9.432517849064603070e+03 2.269000000000000000e+04
2.732605699623428253e-01 9.295194505648243648e+03 9.240635316074809452e+03 2.392000000000000000e+04
2.796050098145749785e-01 9.229718474704930486e+03 9.175159285131496290e+03 2.524600000000000000e+04
2.858914879318384394e-01 9.007341936628890835e+03 8.952782747055456639e+03 2.568400000000000000e+04
2.920995948224677785e-01 9.017416953649377319e+03 8.962857764075943123e+03 2.681600000000000000e+04
2.983507476243664192e-01 8.954212802373745944e+03 8.899653612800311748e+03 2.844000000000000000e+04
3.046505408519667446e-01 8.701680527433160023e+03 8.647121337859725827e+03 2.953800000000000000e+04
3.109471038444538982e-01 8.687554757698919275e+03 8.632995568125485079e+03 3.094400000000000000e+04
3.172476750734718465e-01 8.589315073166151706e+03 8.534755883592717510e+03 3.198000000000000000e+04
3.235400448401911655e-01 8.577800535003110781e+03 8.523241345429676585e+03 3.352600000000000000e+04
3.298240459879566155e-01 8.419427274181321991e+03 8.364868084607887795e+03 3.446400000000000000e+04
3.361484519828671913e-01 8.306611102452277919e+03 8.252051912878843723e+03 3.651400000000000000e+04
3.424245328606954630e-01 8.211665098831497744e+03 8.157105909258064457e+03 3.675800000000000000e+04
3.486779824429606656e-01 8.221938918012474460e+03 8.167379728439041173e+03 3.881000000000000000e+04
3.549863988041813134e-01 8.104096983251278289e+03 8.049537793677845002e+03 4.041000000000000000e+04
3.612333738091870750e-01 8.053838308568321736e+03 7.999279118994888449e+03 4.071400000000000000e+04
3.675042092955584372e-01 8.016592066053349299e+03 7.962032876479916013e+03 4.367000000000000000e+04
3.737994570270907757e-01 7.946003644365434411e+03 7.891444454792001125e+03 4.398600000000000000e+04
3.800864636623462745e-01 7.893033939344970349e+03 7.838474749771537063e+03 4.642800000000000000e+04
3.863718149601460539e-01 7.851068621911409537e+03 7.796509432337976250e+03 4.723600000000000000e+04
3.926652062093009543e-01 7.707186669691138377e+03 7.652627480117705090e+03 4.938600000000000000e+04
3.989690954083237040e-01 7.771578799033706673e+03 7.717019609460273387e+03 5.079600000000000000e+04
4.052314429539636831e-01 7.681420848132835090e+03 7.626861658559401803e+03 5.174000000000000000e+04
4.115238727386639761e-01 7.728753446389467172e+03 7.674194256816033885e+03 5.460200000000000000e+04
4.178033403078543762e-01 7.559926644368001689e+03 7.505367454794568403e+03 5.484400000000000000e+04
4.240515472996450597e-01 7.566025140662050035e+03 7.511465951088616748e+03 5.723200000000000000e+04
4.303677505012359350e-01 7.473463760187310982e+03 7.418904570613877695e+03 5.964800000000000000e+04
4.366726307806358953e-01 7.434514165534249514e+03 7.379954975960816228e+03 6.038400000000000000e+04
4.429228297480427012e-01 7.534337014219791854e+03 7.479777824646358567e+03 6.217000000000000000e+04
4.491736915552866916e-01 7.429479128068496721e+03 7.374919938495063434e+03 6.383200000000000000e+04
4.554569188183393291e-01 7.370302705193593283e+03 7.315743515620159997e+03 6.627200000000000000e+04
4.617788911268420060e-01 7.367127969702928567e+03 7.312568780129495281e+03 6.860400000000000000e+04
4.680995906845802912e-01 7.304952469376048612e+03 7.250393279802615325e+03 6.982400000000000000e+04
4.743866829976556287e-01 7.363684070441395306e+03 7.309124880867962020e+03 7.159800000000000000e+04
4.806701266904181979e-01 7.246237835010811068e+03 7.191678645437377781e+03 7.363400000000000000e+04
4.869464029839004060e-01 7.200324244971859116e+03 7.145765055398425829e+03 7.514600000000000000e+04
4.932051255392171929e-01 7.145050360672837087e+03 7.090491171099403800e+03 7.732800000000000000e+04
4.994696626648479909e-01 7.154014451149480010e+03 7.099455261576046723e+03 7.884800000000000000e+04
5.057193073175597631e-01 7.052665568400497250e+03 6.998106378827063963e+03 8.116400000000000000e+04
5.119989495044070527e-01 7.042572162331804975e+03 6.988012972758371689e+03 8.364400000000000000e+04
5.183159826466314790e-01 7.066965217561939426e+03 7.012406027988506139e+03 8.615600000000000000e+04
5.246107092885408107e-01 7.039291396603947760e+03 6.984732207030514473e+03 8.741000000000000000e+04
5.308819677746196009e-01 7.021034751318682538e+03 6.966475561745249252e+03 8.933800000000000000e+04
5.371663275127862569e-01 6.968415683953329790e+03 6.913856494379896503e+03 9.246200000000000000e+04
5.434900758720350167e-01 6.932041123773055006e+03 6.877481934199621719e+03 9.450400000000000000e+04
5.497699542502575420e-01 6.958636330452342918e+03 6.904077140878909631e+03 9.565800000000000000e+04
5.560083363989032357e-01 6.911967756353818913e+03 6.857408566780385627e+03 9.759800000000000000e+04
5.623114537777685884e-01 6.895668938180734585e+03 6.841109748607301299e+03 1.019620000000000000e+05
5.686318313430648308e-01 6.793819246861793545e+03 6.739260057288360258e+03 1.029860000000000000e+05
5.748997298340194906e-01 6.834950163119690842e+03 6.780390973546257555e+03 1.044280000000000000e+05
5.811784316152807106e-01 6.831312233521684902e+03 6.776753043948251616e+03 1.082760000000000000e+05
5.874623501555152894e-01 6.796126115818145990e+03 6.741566926244712704e+03 1.091300000000000000e+05
5.937358705487374433e-01 6.747421191564556466e+03 6.692862001991123179e+03 1.124920000000000000e+05
6.000132321575981642e-01 6.766792478397471314e+03 6.712233288824038027e+03 1.142380000000000000e+05
6.062764279011477742e-01 6.762648261763869414e+03 6.708089072190436127e+03 1.165200000000000000e+05
6.125579126729602253e-01 6.667271160775598219e+03 6.612711971202164932e+03 1.198680000000000000e+05
6.188758883571132685e-01 6.694184764431186522e+03 6.639625574857753236e+03 1.227600000000000000e+05
6.251574688191492424e-01 6.669244874015099413e+03 6.614685684441666126e+03 1.235740000000000000e+05
6.314078328527679140e-01 6.681453349059765969e+03 6.626894159486332683e+03 1.265060000000000000e+05
6.377090179731219610e-01 6.622710744217785759e+03 6.568151554644352473e+03 1.303720000000000000e+05
6.440064460832264359e-01 6.586968229870936739e+03 6.532409040297503452e+03 1.318120000000000000e+05
6.502830651582106603e-01 6.610901089182460964e+03 6.556341899609027678e+03 1.344920000000000000e+05
6.565805265356863263e-01 6.596413382775141145e+03 6.541854193201707858e+03 1.379620000000000000e+05
6.628599596871522781e-01 6.560985886112302978e+03 6.506426696538869692e+03 1.390120000000000000e+05
6.691298853551562731e-01 6.563840011862654137e+03 6.509280822289220851e+03 1.425480000000000000e+05
6.754222718254296876e-01 6.495079756450227251e+03 6.440520566876793964e+03 1.458880000000000000e+05
6.816939054591842906e-01 6.532252874135688216e+03 6.477693684562254930e+03 1.465620000000000000e+05
6.879709791718701117e-01 6.496475826476088514e+03 6.441916636902655227e+03 1.517500000000000000e+05
6.942614105711022443e-01 6.470193542398202226e+03 6.415634352824768939e+03 1.526260000000000000e+05
7.005365424756659909e-01 6.470057175888998245e+03 6.415497986315564958e+03 1.565860000000000000e+05
7.068233029523925959e-01 6.438620802048285441e+03 6.384061612474852154e+03 1.590780000000000000e+05
7.131225830129004351e-01 6.444047063195267583e+03 6.389487873621834297e+03 1.622900000000000000e+05
7.194106404935602939e-01 6.447468287486448389e+03 6.392909097913015103e+03 1.647700000000000000e+05
7.256916467573152341e-01 6.395040293175487022e+03 6.340481103602053736e+03 1.674660000000000000e+05
7.319862263035085137e-01 6.360797146658641395e+03 6.306237957085208109e+03 1.713680000000000000e+05
7.382778109483263407e-01 6.368965090342119765e+03 6.314405900768686479e+03 1.730960000000000000e+05
7.445474719729404667e-01 6.360582332505286104e+03 6.306023142931852817e+03 1.760120000000000000e+05
7.508031991267573035e-01 6.364198785702661553e+03 6.309639596129228266e+03 1.785720000000000000e+05
7.570835243855718044e-01 6.333451285864465717e+03 6.278892096291032431e+03 1.828740000000000000e+05
7.633725915964089115e-01 6.285609455263893324e+03 6.231050265690460037e+03 1.855560000000000000e+05
7.696559165320593365e-01 6.336540492484847164e+03 6.281981302911413877e+03 1.883800000000000000e+05
7.759472068200509165e-01 6.301103156486458829e+03 6.246543966913025542e+03 1.923620000000000000e+05
7.822420857509159164e-01 6.263363028347610452e+03 6.208803838774177166e+03 1.948920000000000000e+05
7.885501419914293653e-01 6.266182539014534996e+03 6.211623349441101709e+03 1.992240000000000000e+05
7.948038474963337041e-01 6.239083210162932119e+03 6.184524020589498832e+03 1.980620000000000000e+05
8.010520907109800470e-01 6.192093345913789562e+03 6.137534156340356276e+03 2.048760000000000000e+05
8.073556460726576400e-01 6.179303881864513642e+03 6.124744692291080355e+03 2.082080000000000000e+05
8.136472652876408640e-01 6.207216900433999399e+03 6.152657710860566112e+03 2.106380000000000000e+05
8.199328051877485812e-01 6.172085893108962409e+03 6.117526703535529123e+03 2.141460000000000000e+05
8.262092250684122119e-01 6.146425284937266042e+03 6.091866095363832756e+03 2.167700000000000000e+05
8.325052758042271739e-01 6.153105262046086864e+03 6.098546072472653577e+03 2.218980000000000000e+05
8.388116654351844836e-01 6.129909082601709088e+03 6.075349893028275801e+03 2.244000000000000000e+05
8.450849103364239667e-01 6.098758799089981949e+03 6.044199609516548662e+03 2.263060000000000000e+05
8.513462727474617742e-01 6.074729719678269248e+03 6.020170530104835962e+03 2.298240000000000000e+05
8.576284146508676987e-01 6.096136122496010103e+03 6.041576932922576816e+03 2.351900000000000000e+05
8.639203271423162578e-01 6.075638022146679759e+03 6.021078832573246473e+03 2.369960000000000000e+05
8.702001278720664645e-01 6.060160526653435227e+03 6.005601337080001940e+03 2.415680000000000000e+05
8.764772930847268828e-01 6.073626392562840920e+03 6.019067202989407633e+03 2.433340000000000000e+05
8.827715178895144676e-01 6.038946717797254678e+03 5.984387528223821391e+03 2.500580000000000000e+05
8.890536686845070813e-01 6.034142551636808093e+03 5.979583362063374807e+03 2.498260000000000000e+05
8.953222746762443673e-01 6.052235566183897390e+03 5.997676376610464104e+03 2.554020000000000000e+05
9.016064535102598088e-01 6.036754325213700213e+03 5.982195135640266926e+03 2.588880000000000000e+05
9.078934899700541461e-01 6.043311565392091325e+03 5.988752375818658038e+03 2.622400000000000000e+05
9.141879395382898066e-01 6.008321109235946096e+03 5.953761919662512810e+03 2.673220000000000000e+05
9.204870069999977478e-01 6.009906157056907432e+03 5.955346967483474145e+03 2.697820000000000000e+05
9.267634485314798498e-01 5.958058408339040398e+03 5.903499218765607111e+03 2.725480000000000000e+05
9.330398908859652840e-01 5.926158576893567442e+03 5.871599387320134156e+03 2.775220000000000000e+05
9.393419790538620751e-01 5.976849033887879159e+03 5.922289844314445872e+03 2.819920000000000000e+05
9.456138811139273015e-01 5.924666737310672033e+03 5.870107547737238747e+03 2.827100000000000000e+05
9.518752143586322045e-01 5.923577101021038288e+03 5.869017911447605002e+03 2.881620000000000000e+05
9.581565932480536896e-01 5.919632965222403072e+03 5.865073775648969786e+03 2.922500000000000000e+05
9.644556692432024736e-01 5.897036618247166189e+03 5.842477428673732902e+03 2.976780000000000000e+05
9.707473583964632002e-01 5.900255165144194507e+03 5.845695975570761220e+03 2.990500000000000000e+05
9.770167227541187716e-01 5.877083986189846655e+03 5.822524796616413369e+03 3.035940000000000000e+05
9.832935359933105968e-01 5.879309193380382567e+03 5.824750003806949280e+03 3.072180000000000000e+05
9.895688562506220753e-01 5.855522883410280883e+03 5.800963693836847597e+03 3.115520000000000000e+05
9.958591531227547478e-01 5.856588128472618337e+03 5.802028938899185050e+03 3.166400000000000000e+05
1.002144834684193242e+00 5.832773695304766989e+03 5.778214505731333702e+03 3.188100000000000000e+05
1.008417393835248532e+00 5.817344312887526030e+03 5.762785123314092743e+03 3.236140000000000000e+05
1.014706927655060875e+00 5.811356434274453932e+03 5.756797244701020645e+03 3.281640000000000000e+05
1.020995821536768045e+00 5.792847555324876339e+03 5.738288365751443052e+03 3.322980000000000000e+05
1.027277321758624629e+00 5.793785658626062286e+03 5.739226469052629000e+03 3.352360000000000000e+05
1.033577629488106275e+00 5.788008236041187956e+03 5.733449046467754670e+03 3.423460000000000000e+05
1.039864888978200064e+00 5.776526931838800920e+03 5.721967742265367633e+03 3.426120000000000000e+05
1.046131543025751398e+00 5.773422230206631866e+03 5.718863040633198580e+03 3.478080000000000000e+05
1.052408295901959612e+00 5.752945601191013338e+03 5.698386411617580052e+03 3.527840000000000000e+05
1.058689459756216866e+00 5.719143164235005315e+03 5.664583974661572029e+03 3.560160000000000000e+05
1.064973476309879485e+00 5.711089094892840876e+03 5.656529905319407590e+03 3.617640000000000000e+05
1.071260228414355753e+00 5.703725248009964162e+03 5.649166058436530875e+03 3.652380000000000000e+05
1.077547506273993205e+00 5.703646586256339106e+03 5.649087396682905819e+03 3.698500000000000000e+05
1.083834594251098959e+00 5.688493980874526642e+03 5.633934791301093355e+03 3.744400000000000000e+05
1.090123338753580029e+00 5.692118886434184788e+03 5.637559696860751501e+03 3.779460000000000000e+05
1.096402047628067811e+00 5.667921557483600736e+03 5.613362367910167450e+03 3.828480000000000000e+05
1.102686734177269923e+00 5.657258521938371814e+03 5.602699332364938527e+03 3.870080000000000000e+05
1.108974905272321010e+00 5.634244210331706199e+03 5.579685020758272913e+03 3.918200000000000000e+05
1.115240505002667248e+00 5.635316503615208603e+03 5.580757314041775317e+03 3.936120000000000000e+05
1.121510968507875017e+00 5.634768813282758856e+03 5.580209623709325570e+03 4.007140000000000000e+05
1.127801000874616433e+00 5.595834045336720919e+03 5.541274855763287633e+03 4.057940000000000000e+05
1.134097027651290723e+00 5.610700186585850133e+03 5.556140997012416847e+03 4.099040000000000000e+05
1.140372932967484543e+00 5.609913150685692017e+03 5.555353961112258730e+03 4.124720000000000000e+05
1.146644399550673876e+00 5.579710311818738774e+03 5.525151122245305487e+03 4.185640000000000000e+05
1.152943533572619028e+00 5.575156742221090099e+03 5.520597552647656812e+03 4.250340000000000000e+05
1.159234629937837324e+00 5.569252703938808736e+03 5.514693514365375449e+03 4.270920000000000000e+05
1.165519427699577504e+00 5.542052002282787726e+03 5.487492812709354439e+03 4.331780000000000000e+05
1.171801113533186500e+00 5.542573831201719258e+03 5.488014641628285972e+03 4.360040000000000000e+05
1.178090415441370498e+00 5.539708254193593348e+03 5.485149064620160061e+03 4.439880000000000000e+05
1.184382922568056218e+00 5.517283216261717826e+03 5.462724026688284539e+03 4.453300000000000000e+05
1.190653318049772258e+00 5.502759494913813796e+03 5.448200305340380510e+03 4.508360000000000000e+05
1.196918726837574054e+00 5.497805215030849467e+03 5.443246025457416181e+03 4.537220000000000000e+05
1.203203941861949566e+00 5.501971222149588357e+03 5.447412032576155070e+03 4.634540000000000000e+05
1.209492404352916051e+00 5.472839279939192238e+03 5.418280090365758952e+03 4.638000000000000000e+05
1.215771355333522763e+00 5.462327341967846223e+03 5.407768152394412937e+03 4.715780000000000000e+05
1.222064664468862416e+00 5.453280712524388946e+03 5.398721522950955659e+03 4.760860000000000000e+05
1.228353922954420918e+00 5.445261011301223334e+03 5.390701821727790048e+03 4.800280000000000000e+05
1.234638470013954770e+00 5.420537430475508700e+03 5.365978240902075413e+03 4.861600000000000000e+05
1.240913261509356103e+00 5.417682533446680281e+03 5.363123343873246995e+03 4.877540000000000000e+05
1.247188250643475937e+00 5.394461745536131275e+03 5.339902555962697988e+03 4.961340000000000000e+05
1.253473069443996613e+00 5.392676331741619833e+03 5.338117142168186547e+03 4.994820000000000000e+05
1.259761898162141902e+00 5.397597459627699209e+03 5.343038270054265922e+03 5.065000000000000000e+05
1.266044124118156144e+00 5.398947355520221208e+03 5.344388165946787922e+03 5.091880000000000000e+05
1.272325893222376436e+00 5.376998485883184003e+03 5.322439296309750716e+03 5.154900000000000000e+05
1.278614164208257353e+00 5.343684396061975349e+03 5.289125206488542062e+03 5.212680000000000000e+05
1.284892611208029889e+00 5.356668748133398367e+03 5.302109558559965080e+03 5.238700000000000000e+05
1.291183645279231351e+00 5.322019936193795729e+03 5.267460746620362443e+03 5.336400000000000000e+05
1.297481503837926153e+00 5.331514892746218720e+03 5.276955703172785434e+03 5.355220000000000000e+05
1.303753723784867535e+00 5.313258321153000907e+03 5.258699131579567620e+03 5.391000000000000000e+05
1.310018983865986586e+00 5.297477941906541673e+03 5.242918752333108387e+03 5.455720000000000000e+05
1.316308510930670250e+00 5.287873122293192864e+03 5.233313932719759578e+03 5.530760000000000000e+05
1.322598362398576421e+00 5.280694240452508893e+03 5.226135050879075607e+03 5.564880000000000000e+05
1.328872053478450166e+00 5.277642172324930470e+03 5.223082982751497184e+03 5.606140000000000000e+05
1.335152188378053495e+00 5.265899019292271987e+03 5.211339829718838701e+03 5.684260000000000000e+05
1.341449661995184561e+00 5.261809117717073605e+03 5.207249928143640318e+03 5.746600000000000000e+05
1.347738927854007729e+00 5.267668061362839580e+03 5.213108871789406294e+03 5.770720000000000000e+05
1.354008700766087481e+00 5.254873012251858199e+03 5.200313822678424913e+03 5.822700000000000000e+05
1.360289660314967009e+00 5.228218576056111488e+03 5.173659386482678201e+03 5.901560000000000000e+05
1.366572251586567699e+00 5.211449320922086372e+03 5.156890131348653085e+03 5.928000000000000000e+05
1.372860453050388063e+00 5.211334480139240441e+03 5.156775290565807154e+03 6.027740000000000000e+05
1.379145023090685429e+00 5.206741770415015708e+03 5.152182580841582421e+03 6.026980000000000000e+05
1.385414535762269361e+00 5.190629987756939045e+03 5.136070798183505758e+03 6.111620000000000000e+05
1.391706524900663045e+00 5.184695685507737835e+03 5.130136495934304548e+03 6.180140000000000000e+05
1.397995531958892590e+00 5.161415785748282360e+03 5.106856596174849074e+03 6.215880000000000000e+05
1.404274192284941769e+00 5.152173039338107628e+03 5.097613849764674342e+03 6.277440000000000000e+05
1.410561555672766865e+00 5.150751098075340451e+03 5.096191908501907164e+03 6.335400000000000000e+05
1.416846912008939086e+00 5.130252025690759183e+03 5.075692836117325896e+03 6.397320000000000000e+05
1.423125133292065136e+00 5.127181067705028909e+03 5.072621878131595622e+03 6.426020000000000000e+05
1.429404784151020458e+00 5.111405738596129595e+03 5.056846549022696308e+03 6.518900000000000000e+05
1.435691047292837252e+00 5.099433814090913074e+03 5.044874624517479788e+03 6.552160000000000000e+05
1.441980674135391771e+00 5.102215460570893811e+03 5.047656270997460524e+03 6.637680000000000000e+05
1.448270256156670488e+00 5.083790650002845723e+03 5.029231460429412436e+03 6.676260000000000000e+05
1.454546622628224650e+00 5.084100123370288202e+03 5.029540933796854915e+03 6.716420000000000000e+05
1.460820715374602674e+00 5.078280873181453899e+03 5.023721683608020612e+03 6.794060000000000000e+05
1.467116879073512736e+00 5.058800707832693661e+03 5.004241518259260374e+03 6.874520000000000000e+05
1.473402996227505257e+00 5.050778610124634724e+03 4.996219420551201438e+03 6.894720000000000000e+05
1.479676491952220729e+00 5.038408568953078429e+03 4.983849379379645143e+03 6.966860000000000000e+05
1.485967553866846869e+00 5.033308678864193098e+03 4.978749489290759811e+03 7.043380000000000000e+05
1.492246821535899048e+00 5.028914383067504787e+03 4.974355193494071500e+03 7.067400000000000000e+05
1.498509554578234537e+00 5.015918286180324685e+03 4.961359096606891399e+03 7.122360000000000000e+05
1.504789768773060477e+00 4.999828410699240521e+03 4.945269221125807235e+03 7.226580000000000000e+05
1.511081932996167110e+00 4.984097823636690919e+03 4.929538634063257632e+03 7.268980000000000000e+05
1.517368266691215162e+00 4.982292551532239486e+03 4.927733361958806199e+03 7.332820000000000000e+05
1.523654636026075648e+00 4.973452663861098699e+03 4.918893474287665413e+03 7.396640000000000000e+05
1.529943441059384845e+00 4.969160280908307868e+03 4.914601091334874582e+03 7.455940000000000000e+05
1.536239025868725072e+00 4.954095210046877582e+03 4.899536020473444296e+03 7.536480000000000000e+05
1.542520371859912531e+00 4.930261820367282780e+03 4.875702630793849494e+03 7.545420000000000000e+05
1.548788934475642254e+00 4.931142919436974807e+03 4.876583729863541521e+03 7.626580000000000000e+05
1.555076717032853217e+00 4.916808885716131044e+03 4.862249696142697758e+03 7.721700000000000000e+05
1.561367597618051883e+00 4.898159118412619137e+03 4.843599928839185850e+03 7.751460000000000000e+05
1.567640799474913083e+00 4.909153823680188907e+03 4.854594634106755620e+03 7.806720000000000000e+05
1.573918091021587307e+00 4.892977356908485490e+03 4.838418167335052203e+03 7.887520000000000000e+05
1.580208770922777894e+00 4.885884369217764288e+03 4.831325179644331001e+03 7.962340000000000000e+05
1.586494501348699515e+00 4.878647156420276588e+03 4.824087966846843301e+03 8.007500000000000000e+05
1.592767039126987694e+00 4.865256714824485243e+03 4.810697525251051957e+03 8.048100000000000000e+05
1.599052488140243256e+00 4.867039434446300220e+03 4.812480244872866933e+03 8.176280000000000000e+05
1.605347362928585930e+00 4.850695000347588575e+03 4.796135810774155289e+03 8.192580000000000000e+05
1.611624469631112389e+00 4.820178980041526302e+03 4.765619790468093015e+03 8.265800000000000000e+05
1.617906873560414516e+00 4.806741776537622172e+03 4.752182586964188886e+03 8.332260000000000000e+05
1.624193727299755308e+00 4.799441614715686228e+03 4.744882425142252941e+03 8.401780000000000000e+05
1.630471782443348783e+00 4.801626810704630770e+03 4.747067621131197484e+03 8.448300000000000000e+05
1.636760164716084098e+00 4.776251095784415156e+03 4.721691906210981870e+03 8.551300000000000000e+05
1.643043464683600297e+00 4.795398092619663657e+03 4.740838903046230371e+03 8.575060000000000000e+05
1.649316977887778979e+00 4.761727046855965455e+03 4.707167857282532168e+03 8.644800000000000000e+05
1.655599056937107516e+00 4.751137535703315734e+03 4.696578346129882448e+03 8.738480000000000000e+05
1.661884166769115767e+00 4.751782464545387484e+03 4.697223274971954197e+03 8.783400000000000000e+05
1.668176504354522471e+00 4.743149304842397214e+03 4.688590115268963928e+03 8.889200000000000000e+05
1.674458683878514931e+00 4.737370463600086623e+03 4.682811274026653336e+03 8.893580000000000000e+05
1.680728630093367038e+00 4.719755546330827201e+03 4.665196356757393914e+03 8.981800000000000000e+05
1.687019939142594183e+00 4.710832097665618676e+03 4.656272908092185389e+03 9.095840000000000000e+05
1.693318824324689276e+00 4.704359107197332378e+03 4.649799917623899091e+03 9.136000000000000000e+05
1.699588010948696493e+00 4.691826134700845614e+03 4.637266945127412328e+03 9.141300000000000000e+05
1.705865055857039181e+00 4.670095612336315753e+03 4.615536422762882466e+03 9.300560000000000000e+05
1.712165335543606837e+00 4.675670927409751130e+03 4.621111737836317843e+03 9.342660000000000000e+05
1.718451221796237549e+00 4.649625613640308075e+03 4.595066424066874788e+03 9.398780000000000000e+05
1.724725883597690634e+00 4.660388589445874459e+03 4.605829399872441172e+03 9.443780000000000000e+05
1.731001460952539039e+00 4.645648537442780253e+03 4.591089347869346966e+03 9.535880000000000000e+05
1.737293076086154020e+00 4.635735379693796858e+03 4.581176190120363572e+03 9.640360000000000000e+05
1.743575012025098125e+00 4.622394155233057063e+03 4.567834965659623776e+03 9.634900000000000000e+05
1.749853765858601529e+00 4.622994678057780220e+03 4.568435488484346934e+03 9.778260000000000000e+05
1.756139760422475327e+00 4.611936886364896964e+03 4.557377696791463677e+03 9.793740000000000000e+05
1.762418064231706216e+00 4.588903401035857314e+03 4.534344211462424028e+03 9.891060000000000000e+05
1.768704373978918332e+00 4.578338374410845972e+03 4.523779184837412686e+03 9.968660000000000000e+05
1.774989017499519983e+00 4.566874166228517424e+03 4.512314976655084138e+03 1.001708000000000000e+06
1.781271339834514134e+00 4.566705075280588062e+03 4.512145885707154775e+03 1.011292000000000000e+06
1.787557810851539308e+00 4.558894660508271954e+03 4.504335470934838668e+03 1.016394000000000000e+06
1.793844465061326554e+00 4.548670311057528124e+03 4.494111121484094838e+03 1.026530000000000000e+06
1.800123882125254315e+00 4.536944214956756696e+03 4.482385025383323409e+03 1.028166000000000000e+06
1.806399855932671716e+00 4.532995623058623096e+03 4.478436433485189809e+03 1.039020000000000000e+06
1.812677292178102029e+00 4.514807318978505464e+03 4.460248129405072177e+03 1.044114000000000000e+06
1.818962554020154831e+00 4.496434676765926270e+03 4.441875487192492983e+03 1.055160000000000000e+06
1.825254388213496393e+00 4.492713712872785436e+03 4.438154523299352149e+03 1.061910000000000000e+06
1.831535832002544106e+00 4.482311439265493391e+03 4.427752249692060104e+03 1.065538000000000000e+06
1.837815550403961051e+00 4.467993126663337534e+03 4.413433937089904248e+03 1.075850000000000000e+06
1.844109001519104174e+00 4.472239611326901468e+03 4.417680421753468181e+03 1.085614000000000000e+06
1.850394624542057054e+00 4.453777209881639465e+03 4.399218020308206178e+03 1.087722000000000000e+06
1.856670888758223281e+00 4.447463061501032826e+03 4.392903871927599539e+03 1.096876000000000000e+06
1.862955904437998855e+00 4.446963656913228078e+03 4.392404467339794792e+03 1.105496000000000000e+06
1.869239093965251008e+00 4.429949425621695809e+03 4.375390236048262523e+03 1.111720000000000000e+06
1.875524551422873554e+00 4.399822468776952519e+03 4.345263279203519232e+03 1.121280000000000000e+06
1.881807982104247490e+00 4.418291401144092561e+03 4.363732211570659274e+03 1.125186000000000000e+06
1.888084182640285436e+00 4.390696924596638382e+03 4.336137735023205096e+03 1.134232000000000000e+06
1.894359184767357762e+00 4.386601256732223192e+03 4.332042067158789905e+03 1.139920000000000000e+06
1.900652335243679270e+00 4.378735978642426744e+03 4.324176789068993457e+03 1.156084000000000000e+06
1.906941434140952518e+00 4.358379889119032669e+03 4.303820699545599382e+03 1.153348000000000000e+06
1.913211010588978134e+00 4.360460853898859568e+03 4.305901664325426282e+03 1.163962000000000000e+06
1.919497353804973994e+00 4.354090374789319867e+03 4.299531185215886580e+03 1.175698000000000000e+06
1.925784376717101232e+00 4.334297064899246834e+03 4.279737875325813548e+03 1.178618000000000000e+06
1.932070295894139811e+00 4.313010029450681031e+03 4.258450839877247745e+03 1.191414000000000000e+06
1.938347681358776109e+00 4.312783611883499361e+03 4.258224422310066075e+03 1.190388000000000000e+06
1.944622715438230065e+00 4.315085071256030460e+03 4.260525881682597173e+03 1.205992000000000000e+06
1.950912101770938545e+00 4.300347724606099291e+03 4.245788535032666005e+03 1.212094000000000000e+06
1.957200170150135810e+00 4.285331322265100425e+03 4.230772132691667139e+03 1.220074000000000000e+06
1.963483156116985873e+00 4.272473540100911123e+03 4.217914350527477836e+03 1.226826000000000000e+06
1.969764663919415071e+00 4.257311766450652613e+03 4.202752576877219326e+03 1.234274000000000000e+06
1.976058795452903194e+00 4.262397189928209627e+03 4.207838000354776341e+03 1.248286000000000000e+06
1.982347818239277082e+00 4.248138679884697012e+03 4.193579490311263726e+03 1.247764000000000000e+06
1.988621905801704060e+00 4.236130503408037839e+03 4.181571313834604553e+03 1.258144000000000000e+06
1.994901683859673147e+00 4.220364718500756680e+03 4.165805528927323394e+03 1.266462000000000000e+06
2.001185568350352106e+00 4.216512108375561183e+03 4.161952918802127897e+03 1.274682000000000000e+06
2.007463530968069509e+00 4.213240697864982394e+03 4.158681508291549108e+03 1.281282000000000000e+06
2.013743684507833809e+00 4.199966050202220686e+03 4.145406860628787399e+03 1.290814000000000000e+06
2.020026468512655438e+00 4.190897696307957631e+03 4.136338506734524344e+03 1.298642000000000000e+06
2.026317940332479139e+00 4.180273000277241408e+03 4.125713810703808122e+03 1.310514000000000000e+06
2.032605346556254133e+00 4.171379899296382064e+03 4.116820709722948777e+03 1.313348000000000000e+06
2.038876250754864561e+00 4.150580452729785065e+03 4.096021263156351779e+03 1.320124000000000000e+06
2.045156862230546491e+00 4.153587928109191125e+03 4.099028738535757839e+03 1.333076000000000000e+06
2.051450376459333036e+00 4.147178909975511488e+03 4.092619720402078201e+03 1.342160000000000000e+06
2.057735646516794858e+00 4.135757518985747083e+03 4.081198329412313797e+03 1.346470000000000000e+06
2.064019658255301426e+00 4.116924724446713299e+03 4.062365534873280012e+03 1.357668000000000000e+06
2.070309709613492366e+00 4.123451864020390531e+03 4.068892674446957244e+03 1.365808000000000000e+06
2.076598642179291243e+00 4.105682436807496742e+03 4.051123247234063456e+03 1.373258000000000000e+06
2.082870032339927402e+00 4.099105790988561239e+03 4.044546601415127952e+03 1.375392000000000000e+06
2.089134787055322295e+00 4.079217287641491566e+03 4.024658098068058280e+03 1.386994000000000000e+06
2.095425627190938389e+00 4.062963678725130194e+03 4.008404489151696907e+03 1.402688000000000000e+06
2.101711371004562512e+00 4.067480450465006925e+03 4.012921260891573638e+03 1.402456000000000000e+06
2.107989648687532469e+00 4.053454846635378544e+03 3.998895657061945258e+03 1.415562000000000000e+06
2.114274413323816493e+00 4.041821334048576773e+03 3.987262144475143486e+03 1.423152000000000000e+06
2.120557238443375958e+00 4.029062289580965626e+03 3.974503100007532339e+03 1.430474000000000000e+06
2.126845280632974067e+00 4.012050017238834243e+03 3.957490827665400957e+03 1.442654000000000000e+06
2.133128554780450159e+00 4.020864680671308633e+03 3.966305491097875347e+03 1.446292000000000000e+06
2.139412332467919065e+00 4.005503542690866198e+03 3.950944353117432911e+03 1.458674000000000000e+06
2.145698003662099396e+00 3.994349315185655087e+03 3.939790125612221800e+03 1.465518000000000000e+06
2.151977195668531184e+00 3.989864915388944155e+03 3.935305725815510868e+03 1.471640000000000000e+06
2.158263209952423267e+00 3.978805068352064609e+03 3.924245878778631322e+03 1.486868000000000000e+06
2.164552162632372490e+00 3.969447330944519763e+03 3.914888141371086476e+03 1.490076000000000000e+06
2.170839225012531681e+00 3.952906634121460684e+03 3.898347444548027397e+03 1.502730000000000000e+06
2.177120082977427540e+00 3.951683899948006911e+03 3.897124710374573624e+03 1.505460000000000000e+06
2.183393121055990260e+00 3.941587105425011941e+03 3.887027915851578655e+03 1.515192000000000000e+06
2.189672152712972331e+00 3.920868162540671165e+03 3.866308972967237878e+03 1.527176000000000000e+06
2.195961755713628616e+00 3.921189310308916447e+03 3.866630120735483160e+03 1.536762000000000000e+06
2.202246728716700463e+00 3.900272899926222181e+03 3.845713710352788894e+03 1.542760000000000000e+06
2.208524403202436037e+00 3.902358124928304278e+03 3.847798935354870991e+03 1.550958000000000000e+06
2.214806392550185965e+00 3.884002713315992878e+03 3.829443523742559591e+03 1.562242000000000000e+06
2.221097232089587870e+00 3.878001530280953830e+03 3.823442340707520543e+03 1.573636000000000000e+06
2.227379738633999295e+00 3.871805567761600742e+03 3.817246378188167455e+03 1.575424000000000000e+06
2.233661892530534487e+00 3.858585253973742965e+03 3.804026064400309679e+03 1.591318000000000000e+06
2.239944725315571095e+00 3.842192688308778088e+03 3.787633498735344801e+03 1.593836000000000000e+06
2.246225895079906554e+00 3.841162162138824442e+03 3.786602972565391156e+03 1.608032000000000000e+06
2.252509804346050082e+00 3.827530400233717501e+03 3.772971210660284214e+03 1.613848000000000000e+06
2.258786271982848870e+00 3.814458428708754127e+03 3.759899239135320840e+03 1.621344000000000000e+06
2.265071686104545012e+00 3.806634641543256294e+03 3.752075451969823007e+03 1.636986000000000000e+06
2.271353283744287577e+00 3.797924596971089613e+03 3.743365407397656327e+03 1.637896000000000000e+06
2.277641683762936520e+00 3.795634060960785519e+03 3.741074871387352232e+03 1.657744000000000000e+06
2.283930104798850280e+00 3.780035589183267348e+03 3.725476399609834061e+03 1.657162000000000000e+06
2.290207926740317035e+00 3.778889115152578597e+03 3.724329925579145311e+03 1.669282000000000000e+06
2.296494840186173114e+00 3.762847118236650658e+03 3.708287928663217372e+03 1.681784000000000000e+06
2.302772905700670947e+00 3.751842918063087836e+03 3.697283728489654550e+03 1.681712000000000000e+06
2.309052374557129195e+00 3.746990838767428613e+03 3.692431649193995327e+03 1.701460000000000000e+06
2.315343134461879337e+00 3.735949469230068644e+03 3.681390279656635357e+03 1.706278000000000000e+06
2.321633141999085659e+00 3.730739768382859438e+03 3.676180578809426152e+03 1.719040000000000000e+06
2.327916355392010139e+00 3.710336633581237948e+03 3.655777444007804661e+03 1.722426000000000000e+06
2.334190722001127316e+00 3.709815452154823561e+03 3.655256262581390274e+03 1.731242000000000000e+06
2.340473130334892460e+00 3.699663719960161870e+03 3.645104530386728584e+03 1.746678000000000000e+06
2.346761369860457247e+00 3.695597124731803433e+03 3.641037935158370146e+03 1.752724000000000000e+06
2.353047769056515470e+00 3.673617101207311407e+03 3.619057911633878120e+03 1.764314000000000000e+06
2.359330397319757022e+00 3.673465721873850725e+03 3.618906532300417439e+03 1.770156000000000000e+06
2.365605034054369060e+00 3.661351872457709760e+03 3.606792682884276473e+03 1.777436000000000000e+06
2.371891455909768354e+00 3.647035125151176999e+03 3.592475935577743712e+03 1.797104000000000000e+06
2.378179546072414663e+00 3.640591498678712469e+03 3.586032309105279182e+03 1.796398000000000000e+06
2.384457586600779333e+00 3.623890457002986750e+03 3.569331267429553463e+03 1.810884000000000000e+06
2.390743123140302018e+00 3.616225627773373617e+03 3.561666438199940330e+03 1.819896000000000000e+06
2.397020324856477647e+00 3.618066154553464912e+03 3.563506964980031626e+03 1.824020000000000000e+06
2.403297352078177518e+00 3.603150535729580952e+03 3.548591346156147665e+03 1.840406000000000000e+06
