# # k, P(k),P(k)-shotnoise, Nmodes
8.899641224696953554e-03 1.385199296516821050e+04 1.370806518467419482e+04 2.600000000000000000e+01
1.507912216506558135e-02 1.430213875487381119e+04 1.415821097437979552e+04 6.600000000000000000e+01
2.144790186456837014e-02 1.403050509839416554e+04 1.388657731790014986e+04 1.580000000000000000e+02
2.792609073416789378e-02 1.349940165186451304e+04 1.335547387137049736e+04 2.400000000000000000e+02
3.439458802618463457e-02 1.120233674390974738e+04 1.105840896341573171e+04 4.040000000000000000e+02
4.063552503253392567e-02 8.874608306777839971e+03 8.730680526283824292e+03 4.920000000000000000e+02
4.685273545737825979e-02 8.238216655377842471e+03 8.094288874883827702e+03 7.160000000000000000e+02
5.308225101765943338e-02 7.490452485169927968e+03 7.346524704675913199e+03 8.660000000000000000e+02
5.947086026992840641e-02 6.632558061252034349e+03 6.488630280758019580e+03 1.176000000000000000e+03
6.579000890571343185e-02 6.159698212293945289e+03 6.015770431799930520e+03 1.358000000000000000e+03
7.197688940286899040e-02 5.703138433759821964e+03 5.559210653265807196e+03 1.620000000000000000e+03
7.827860915688306109e-02 5.123396167203355617e+03 4.979468386709340848e+03 1.970000000000000000e+03
8.473402853143152669e-02 4.645094384714393527e+03 4.501166604220378758e+03 2.388000000000000000e+03
9.114995057719250948e-02 4.041462580276621338e+03 3.897534799782606569e+03 2.642000000000000000e+03
9.733441570868076043e-02 3.580438784347719320e+03 3.436511003853704551e+03 2.948000000000000000e+03
1.034823507189909925e-01 3.336012949605407812e+03 3.192085169111393043e+03 3.312000000000000000e+03
1.097621497737264751e-01 3.081285709874804070e+03 2.937357929380789301e+03 3.920000000000000000e+03
1.161502569114246236e-01 2.917867517342935571e+03 2.773939736848920802e+03 4.368000000000000000e+03
1.224511299792719610e-01 2.800116054730643100e+03 2.656188274236628331e+03 4.706000000000000000e+03
1.287146397216415161e-01 2.637340868661036893e+03 2.493413088167022124e+03 5.312000000000000000e+03
1.349787624209431713e-01 2.514915812877719873e+03 2.370988032383705104e+03 5.712000000000000000e+03
1.412227094847550990e-01 2.287692304054637589e+03 2.143764523560622820e+03 6.380000000000000000e+03
1.475340300674937433e-01 2.142716538618142749e+03 1.998788758124127980e+03 6.966000000000000000e+03
1.538209950420127425e-01 2.005598327486827657e+03 1.861670546992812888e+03 7.448000000000000000e+03
1.600939799861342827e-01 1.876281653981154705e+03 1.732353873487139936e+03 8.252000000000000000e+03
1.664990542498203663e-01 1.816047847083798615e+03 1.672120066589783846e+03 9.032000000000000000e+03
1.728174132941030505e-01 1.734623638202398979e+03 1.590695857708384210e+03 9.454000000000000000e+03
1.789853057753862942e-01 1.627927469104107558e+03 1.483999688610092790e+03 9.842000000000000000e+03
1.852733873177464519e-01 1.565617269005189428e+03 1.421689488511174659e+03 1.128200000000000000e+04
1.915389716053957636e-01 1.463868628247103061e+03 1.319940847753088292e+03 1.131800000000000000e+04
1.978093968968032412e-01 1.440714663516073870e+03 1.296786883022059101e+03 1.268400000000000000e+04
2.041363739541903199e-01 1.374705908445572277e+03 1.230778127951557508e+03 1.328000000000000000e+04
2.104329801156032687e-01 1.304876415448701437e+03 1.160948634954686668e+03 1.408200000000000000e+04
2.167445339963977868e-01 1.245766949532891431e+03 1.101839169038876662e+03 1.513400000000000000e+04
2.230182219099299812e-01 1.201458257101009394e+03 1.057530476606994625e+03 1.561200000000000000e+04
2.292666160073620063e-01 1.136280945373711120e+03 9.923531648796962372e+02 1.673000000000000000e+04
2.355414553524693422e-01 1.102799664629598283e+03 9.588718841355834002e+02 1.765200000000000000e+04
2.418784335992887613e-01 1.072800330595057403e+03 9.288725501010425205e+02 1.889000000000000000e+04
2.481481271052154158e-01 1.018943302871863239e+03 8.750155223778483560e+02 1.929800000000000000e+04
2.543650879168818379e-01 9.837996325021302937e+02 8.398718520081154111e+02 2.047000000000000000e+04
2.606536864982170187e-01 9.577335118722169227e+02 8.138057313782020401e+02 2.174800000000000000e+04
2.669516384221341521e-01 9.259909785256018040e+02 7.820631980315869214e+02 2.269000000000000000e+04
2.732605699623428253e-01 8.948742684319272485e+02 7.509464879379123659e+02 2.392000000000000000e+04
2.796050098145749785e-01 8.652432462153699362e+02 7.213154657213550536e+02 2.524600000000000000e+04
2.858914879318384394e-01 8.407286518070879993e+02 6.968008713130731167e+02 2.568400000000000000e+04
2.920995948224677785e-01 8.138247675514547836e+02 6.698969870574399010e+02 2.681600000000000000e+04
2.983507476243664192e-01 8.097257132222501923e+02 6.657979327282353097e+02 2.844000000000000000e+04
3.046505408519667446e-01 7.789087390296501781e+02 6.349809585356352954e+02 2.953800000000000000e+04
3.109471038444538982e-01 7.517238084587041840e+02 6.077960279646893014e+02 3.094400000000000000e+04
3.172476750734718465e-01 7.384254460969711999e+02 5.944976656029563173e+02 3.198000000000000000e+04
3.235400448401911655e-01 7.217600716748243030e+02 5.778322911808094204e+02 3.352600000000000000e+04
3.298240459879566155e-01 7.039116631370017103e+02 5.599838826429868277e+02 3.446400000000000000e+04
3.361484519828671913e-01 6.733517274932374903e+02 5.294239469992226077e+02 3.651400000000000000e+04
3.424245328606954630e-01 6.697596133111695735e+02 5.258318328171546909e+02 3.675800000000000000e+04
3.486779824429606656e-01 6.532963804150034548e+02 5.093685999209885722e+02 3.881000000000000000e+04
3.549863988041813134e-01 6.435256723724839958e+02 4.995978918784691132e+02 4.041000000000000000e+04
3.612333738091870750e-01 6.338200049610508131e+02 4.898922244670359305e+02 4.071400000000000000e+04
3.675042092955584372e-01 6.132948881425922991e+02 4.693671076485774165e+02 4.367000000000000000e+04
3.737994570270907757e-01 6.063115322452429155e+02 4.623837517512280328e+02 4.398600000000000000e+04
3.800864636623462745e-01 5.863821799518395892e+02 4.424543994578247066e+02 4.642800000000000000e+04
3.863718149601460539e-01 5.764592927661204840e+02 4.325315122721056014e+02 4.723600000000000000e+04
3.926652062093009543e-01 5.614471274070790514e+02 4.175193469130641688e+02 4.938600000000000000e+04
3.989690954083237040e-01 5.540365372787341585e+02 4.101087567847192759e+02 5.079600000000000000e+04
4.052314429539636831e-01 5.434411576342273520e+02 3.995133771402124694e+02 5.174000000000000000e+04
4.115238727386639761e-01 5.305036554713495889e+02 3.865758749773347063e+02 5.460200000000000000e+04
4.178033403078543762e-01 5.211829547955053386e+02 3.772551743014904559e+02 5.484400000000000000e+04
4.240515472996450597e-01 5.153730203327598929e+02 3.714452398387450103e+02 5.723200000000000000e+04
4.303677505012359350e-01 5.116953120833829871e+02 3.677675315893681045e+02 5.964800000000000000e+04
4.366726307806358953e-01 4.991997360881204600e+02 3.552719555941056342e+02 6.038400000000000000e+04
4.429228297480427012e-01 4.941721032102244067e+02 3.502443227162095809e+02 6.217000000000000000e+04
4.491736915552866916e-01 4.842597346663081908e+02 3.403319541722933081e+02 6.383200000000000000e+04
4.554569188183393291e-01 4.756659048883195169e+02 3.317381243943046911e+02 6.627200000000000000e+04
4.617788911268420060e-01 4.681227884350885233e+02 3.241950079410736407e+02 6.860400000000000000e+04
4.680995906845802912e-01 4.610439438321266152e+02 3.171161633381117326e+02 6.982400000000000000e+04
4.743866829976556287e-01 4.519158721872311162e+02 3.079880916932162336e+02 7.159800000000000000e+04
4.806701266904181979e-01 4.465998462618513258e+02 3.026720657678364432e+02 7.363400000000000000e+04
4.869464029839004060e-01 4.427636787794759243e+02 2.988358982854610986e+02 7.514600000000000000e+04
4.932051255392171929e-01 4.310116032487366056e+02 2.870838227547217230e+02 7.732800000000000000e+04
4.994696626648479909e-01 4.271438470363522697e+02 2.832160665423374439e+02 7.884800000000000000e+04
5.057193073175597631e-01 4.191505604055275285e+02 2.752227799115127027e+02 8.116400000000000000e+04
5.119989495044070527e-01 4.188961450012832870e+02 2.749683645072684612e+02 8.364400000000000000e+04
5.183159826466314790e-01 4.094959905920763390e+02 2.655682100980615132e+02 8.615600000000000000e+04
5.246107092885408107e-01 4.044326854360373886e+02 2.605049049420225629e+02 8.741000000000000000e+04
5.308819677746196009e-01 3.986300704136621107e+02 2.547022899196472565e+02 8.933800000000000000e+04
5.371663275127862569e-01 3.968611395120474867e+02 2.529333590180326325e+02 9.246200000000000000e+04
5.434900758720350167e-01 3.905582179310729884e+02 2.466304374370581343e+02 9.450400000000000000e+04
5.497699542502575420e-01 3.846163641920530267e+02 2.406885836980381725e+02 9.565800000000000000e+04
5.560083363989032357e-01 3.802093890892124932e+02 2.362816085951976390e+02 9.759800000000000000e+04
5.623114537777685884e-01 3.759458219744425946e+02 2.320180414804277405e+02 1.019620000000000000e+05
5.686318313430648308e-01 3.731711192902115499e+02 2.292433387961966957e+02 1.029860000000000000e+05
5.748997298340194906e-01 3.690011817863061196e+02 2.250734012922912655e+02 1.044280000000000000e+05
5.811784316152807106e-01 3.646438506732998235e+02 2.207160701792849693e+02 1.082760000000000000e+05
5.874623501555152894e-01 3.607954836900194664e+02 2.168677031960046122e+02 1.091300000000000000e+05
5.937358705487374433e-01 3.566618844028267858e+02 2.127341039088119317e+02 1.124920000000000000e+05
6.000132321575981642e-01 3.545023642811564173e+02 2.105745837871415631e+02 1.142380000000000000e+05
6.062764279011477742e-01 3.522736306814770728e+02 2.083458501874622186e+02 1.165200000000000000e+05
6.125579126729602253e-01 3.471769426349383139e+02 2.032491621409234597e+02 1.198680000000000000e+05
6.188758883571132685e-01 3.438767594415867848e+02 1.999489789475719306e+02 1.227600000000000000e+05
6.251574688191492424e-01 3.408323116729197864e+02 1.969045311789049322e+02 1.235740000000000000e+05
6.314078328527679140e-01 3.384882209335809193e+02 1.945604404395660652e+02 1.265060000000000000e+05
6.377090179731219610e-01 3.347270626522177963e+02 1.907992821582029421e+02 1.303720000000000000e+05
6.440064460832264359e-01 3.318091147239774159e+02 1.878813342299625617e+02 1.318120000000000000e+05
6.502830651582106603e-01 3.263149562001864865e+02 1.823871757061716323e+02 1.344920000000000000e+05
6.565805265356863263e-01 3.262763058072660556e+02 1.823485253132512014e+02 1.379620000000000000e+05
6.628599596871522781e-01 3.206807673887617511e+02 1.767529868947468970e+02 1.390120000000000000e+05
6.691298853551562731e-01 3.194314982285525275e+02 1.755037177345376733e+02 1.425480000000000000e+05
6.754222718254296876e-01 3.168307647512498875e+02 1.729029842572350333e+02 1.458880000000000000e+05
6.816939054591842906e-01 3.139479417167333395e+02 1.700201612227184853e+02 1.465620000000000000e+05
6.879709791718701117e-01 3.132111994759526965e+02 1.692834189819378423e+02 1.517500000000000000e+05
6.942614105711022443e-01 3.101603180621535785e+02 1.662325375681387243e+02 1.526260000000000000e+05
7.005365424756659909e-01 3.054125756278360768e+02 1.614847951338212226e+02 1.565860000000000000e+05
7.068233029523925959e-01 3.036054268488732077e+02 1.596776463548583536e+02 1.590780000000000000e+05
7.131225830129004351e-01 3.021327625773457726e+02 1.582049820833309184e+02 1.622900000000000000e+05
7.194106404935602939e-01 2.988590907525431817e+02 1.549313102585283275e+02 1.647700000000000000e+05
7.256916467573152341e-01 2.975271491542370086e+02 1.535993686602221544e+02 1.674660000000000000e+05
7.319862263035085137e-01 2.957428303539134617e+02 1.518150498598986076e+02 1.713680000000000000e+05
7.382778109483263407e-01 2.927438276226610014e+02 1.488160471286461473e+02 1.730960000000000000e+05
7.445474719729404667e-01 2.893123587387847806e+02 1.453845782447699264e+02 1.760120000000000000e+05
7.508031991267573035e-01 2.890326221163090281e+02 1.451048416222941739e+02 1.785720000000000000e+05
7.570835243855718044e-01 2.860838998110102693e+02 1.421561193169954151e+02 1.828740000000000000e+05
7.633725915964089115e-01 2.850514382708050789e+02 1.411236577767902247e+02 1.855560000000000000e+05
7.696559165320593365e-01 2.807929027523502441e+02 1.368651222583353899e+02 1.883800000000000000e+05
7.759472068200509165e-01 2.802799508019436416e+02 1.363521703079287875e+02 1.923620000000000000e+05
7.822420857509159164e-01 2.785241578096005242e+02 1.345963773155856700e+02 1.948920000000000000e+05
7.885501419914293653e-01 2.772811357138328958e+02 1.333533552198180416e+02 1.992240000000000000e+05
7.948038474963337041e-01 2.748606253912308262e+02 1.309328448972159720e+02 1.980620000000000000e+05
8.010520907109800470e-01 2.757972019381359701e+02 1.318694214441211159e+02 2.048760000000000000e+05
8.073556460726576400e-01 2.715015225537255787e+02 1.275737420597107246e+02 2.082080000000000000e+05
8.136472652876408640e-01 2.706724866336022615e+02 1.267447061395874073e+02 2.106380000000000000e+05
8.199328051877485812e-01 2.690741180115841757e+02 1.251463375175693216e+02 2.141460000000000000e+05
8.262092250684122119e-01 2.671247979922512741e+02 1.231970174982364199e+02 2.167700000000000000e+05
8.325052758042271739e-01 2.639507562199239032e+02 1.200229757259090491e+02 2.218980000000000000e+05
8.388116654351844836e-01 2.642321217206187498e+02 1.203043412266038956e+02 2.244000000000000000e+05
8.450849103364239667e-01 2.641702392144080704e+02 1.202424587203932163e+02 2.263060000000000000e+05
8.513462727474617742e-01 2.611455726306745078e+02 1.172177921366596536e+02 2.298240000000000000e+05
8.576284146508676987e-01 2.606881081030307428e+02 1.167603276090158886e+02 2.351900000000000000e+05
8.639203271423162578e-01 2.584687470045262216e+02 1.145409665105113675e+02 2.369960000000000000e+05
8.702001278720664645e-01 2.575898973973337434e+02 1.136621169033188892e+02 2.415680000000000000e+05
8.764772930847268828e-01 2.552837454556965326e+02 1.113559649616816785e+02 2.433340000000000000e+05
8.827715178895144676e-01 2.547139694149018680e+02 1.107861889208870139e+02 2.500580000000000000e+05
8.890536686845070813e-01 2.532215264943280033e+02 1.092937460003131491e+02 2.498260000000000000e+05
8.953222746762443673e-01 2.516162314832761240e+02 1.076884509892612698e+02 2.554020000000000000e+05
9.016064535102598088e-01 2.508249734182176667e+02 1.068971929242028125e+02 2.588880000000000000e+05
9.078934899700541461e-01 2.491160032483461464e+02 1.051882227543312922e+02 2.622400000000000000e+05
9.141879395382898066e-01 2.490628353279976466e+02 1.051350548339827924e+02 2.673220000000000000e+05
9.204870069999977478e-01 2.480627678740725912e+02 1.041349873800577370e+02 2.697820000000000000e+05
9.267634485314798498e-01 2.465869495547554493e+02 1.026591690607405951e+02 2.725480000000000000e+05
9.330398908859652840e-01 2.439581880183887392e+02 1.000304075243738851e+02 2.775220000000000000e+05
9.393419790538620751e-01 2.431693358452597806e+02 9.924155535124492644e+01 2.819920000000000000e+05
9.456138811139273015e-01 2.417750099258747412e+02 9.784722943185988697e+01 2.827100000000000000e+05
9.518752143586322045e-01 2.415845989663842772e+02 9.765681847236942303e+01 2.881620000000000000e+05
9.581565932480536896e-01 2.408059569435551168e+02 9.687817644954026264e+01 2.922500000000000000e+05
9.644556692432024736e-01 2.389597672142052716e+02 9.503198672019041737e+01 2.976780000000000000e+05
9.707473583964632002e-01 2.370302529909711495e+02 9.310247249695629534e+01 2.990500000000000000e+05
9.770167227541187716e-01 2.368944563052808974e+02 9.296667581126604318e+01 3.035940000000000000e+05
9.832935359933105968e-01 2.351073233204517692e+02 9.117954282643691499e+01 3.072180000000000000e+05
9.895688562506220753e-01 2.341462210347259827e+02 9.021844054071112851e+01 3.115520000000000000e+05
9.958591531227547478e-01 2.349580297063333489e+02 9.103024921231849476e+01 3.166400000000000000e+05
1.002144834684193242e+00 2.331836997533079625e+02 8.925591925929310833e+01 3.188100000000000000e+05
1.008417393835248532e+00 2.322475777140823823e+02 8.831979722006752809e+01 3.236140000000000000e+05
1.014706927655060875e+00 2.307071461934665422e+02 8.677936569945168799e+01 3.281640000000000000e+05
1.020995821536768045e+00 2.300412580636094333e+02 8.611347756959457911e+01 3.322980000000000000e+05
1.027277321758624629e+00 2.298457839943166903e+02 8.591800350030183608e+01 3.352360000000000000e+05
1.033577629488106275e+00 2.273718410300827486e+02 8.344406053606789442e+01 3.423460000000000000e+05
1.039864888978200064e+00 2.273324041272742022e+02 8.340462363325934803e+01 3.426120000000000000e+05
1.046131543025751398e+00 2.265319571142165671e+02 8.260417662020171292e+01 3.478080000000000000e+05
1.052408295901959612e+00 2.258191451430491554e+02 8.189136464903430124e+01 3.527840000000000000e+05
1.058689459756216866e+00 2.252640252451396634e+02 8.133624475112480923e+01 3.560160000000000000e+05
1.064973476309879485e+00 2.243005365287278323e+02 8.037275603471297813e+01 3.617640000000000000e+05
1.071260228414355753e+00 2.237892215919025602e+02 7.986144109788770606e+01 3.652380000000000000e+05
1.077547506273993205e+00 2.231900087181191736e+02 7.926222822410431945e+01 3.698500000000000000e+05
1.083834594251098959e+00 2.212784618750461334e+02 7.735068138103127922e+01 3.744400000000000000e+05
1.090123338753580029e+00 2.205951189578748028e+02 7.666733846385994866e+01 3.779460000000000000e+05
1.096402047628067811e+00 2.205343344301739990e+02 7.660655393615914477e+01 3.828480000000000000e+05
1.102686734177269923e+00 2.196140899443292085e+02 7.568630945031435431e+01 3.870080000000000000e+05
1.108974905272321010e+00 2.193083523499193177e+02 7.538057185590446352e+01 3.918200000000000000e+05
1.115240505002667248e+00 2.183253072104299406e+02 7.439752671641508641e+01 3.936120000000000000e+05
1.121510968507875017e+00 2.170584629566538126e+02 7.313068246263895844e+01 4.007140000000000000e+05
1.127801000874616433e+00 2.157046453483208666e+02 7.177686485430601238e+01 4.057940000000000000e+05
1.134097027651290723e+00 2.150709569534014349e+02 7.114317645938658075e+01 4.099040000000000000e+05
1.140372932967484543e+00 2.155837063740732447e+02 7.165592588005839048e+01 4.124720000000000000e+05
1.146644399550673876e+00 2.140415400580557446e+02 7.011375956404089038e+01 4.185640000000000000e+05
1.152943533572619028e+00 2.135605666248223429e+02 6.963278613080748869e+01 4.250340000000000000e+05
1.159234629937837324e+00 2.130480815079154695e+02 6.912030101390061532e+01 4.270920000000000000e+05
1.165519427699577504e+00 2.128255082619039911e+02 6.889772776788913689e+01 4.331780000000000000e+05
1.171801113533186500e+00 2.118845930248265006e+02 6.795681253081164641e+01 4.360040000000000000e+05
1.178090415441370498e+00 2.119000707649318826e+02 6.797229027091702847e+01 4.439880000000000000e+05
1.184382922568056218e+00 2.110243916407310962e+02 6.709661114671624205e+01 4.453300000000000000e+05
1.190653318049772258e+00 2.102843322545539593e+02 6.635655176053910509e+01 4.508360000000000000e+05
1.196918726837574054e+00 2.091894551935178015e+02 6.526167469950294731e+01 4.537220000000000000e+05
1.203203941861949566e+00 2.092297849631137581e+02 6.530200446909890388e+01 4.634540000000000000e+05
1.209492404352916051e+00 2.081524729914955287e+02 6.422469249748067455e+01 4.638000000000000000e+05
1.215771355333522763e+00 2.073993230132660983e+02 6.347154251925124413e+01 4.715780000000000000e+05
1.222064664468862416e+00 2.073073404165403986e+02 6.337955992252554438e+01 4.760860000000000000e+05
1.228353922954420918e+00 2.067726596484862966e+02 6.284487915447144246e+01 4.800280000000000000e+05
1.234638470013954770e+00 2.058140030011910824e+02 6.188622250717622819e+01 4.861600000000000000e+05
1.240913261509356103e+00 2.055801546841744312e+02 6.165237419015957698e+01 4.877540000000000000e+05
1.247188250643475937e+00 2.049117359743198676e+02 6.098395548030501345e+01 4.961340000000000000e+05
1.253473069443996613e+00 2.047136629711702369e+02 6.078588247715538273e+01 4.994820000000000000e+05
1.259761898162141902e+00 2.035161676477766264e+02 5.958838715376177220e+01 5.065000000000000000e+05
1.266044124118156144e+00 2.024052278968381131e+02 5.847744740282325893e+01 5.091880000000000000e+05
1.272325893222376436e+00 2.026120391026035179e+02 5.868425860858866372e+01 5.154900000000000000e+05
1.278614164208257353e+00 2.020148556383548168e+02 5.808707514433996266e+01 5.212680000000000000e+05
1.284892611208029889e+00 2.018602501390143402e+02 5.793246964499948604e+01 5.238700000000000000e+05
1.291183645279231351e+00 2.010295146535093807e+02 5.710173415949452647e+01 5.336400000000000000e+05
1.297481503837926153e+00 2.002802366597238404e+02 5.635245616570898619e+01 5.355220000000000000e+05
1.303753723784867535e+00 2.003544421804313629e+02 5.642666168641650870e+01 5.391000000000000000e+05
1.310018983865986586e+00 1.995644883263333043e+02 5.563670783231845007e+01 5.455720000000000000e+05
1.316308510930670250e+00 1.987258918342017751e+02 5.479811134018692087e+01 5.530760000000000000e+05
1.322598362398576421e+00 1.985627772879541055e+02 5.463499679393925135e+01 5.564880000000000000e+05
1.328872053478450166e+00 1.987875810444176068e+02 5.485980055040275261e+01 5.606140000000000000e+05
1.335152188378053495e+00 1.978125264451786620e+02 5.388474595116380783e+01 5.684260000000000000e+05
1.341449661995184561e+00 1.980058825095958071e+02 5.407810201558095287e+01 5.746600000000000000e+05
1.347738927854007729e+00 1.963601460933519718e+02 5.243236559933711760e+01 5.770720000000000000e+05
1.354008700766087481e+00 1.968668357635966117e+02 5.293905526958175756e+01 5.822700000000000000e+05
1.360289660314967009e+00 1.958233083859662713e+02 5.189552789195141713e+01 5.901560000000000000e+05
1.366572251586567699e+00 1.959916692541577561e+02 5.206388876014290190e+01 5.928000000000000000e+05
1.372860453050388063e+00 1.953797758729332372e+02 5.145199537891838304e+01 6.027740000000000000e+05
1.379145023090685429e+00 1.949822579887901099e+02 5.105447749477525576e+01 6.026980000000000000e+05
1.385414535762269361e+00 1.943373130181773831e+02 5.040953252416252894e+01 6.111620000000000000e+05
1.391706524900663045e+00 1.944777931380735936e+02 5.055001264405873940e+01 6.180140000000000000e+05
1.397995531958892590e+00 1.939746845704871134e+02 5.004690407647225925e+01 6.215880000000000000e+05
1.404274192284941769e+00 1.929650837715603586e+02 4.903730327754550444e+01 6.277440000000000000e+05
1.410561555672766865e+00 1.930105361063896510e+02 4.908275561237479678e+01 6.335400000000000000e+05
1.416846912008939086e+00 1.916763118887881490e+02 4.774853139477329478e+01 6.397320000000000000e+05
1.423125133292065136e+00 1.922878497643924902e+02 4.836006927037763603e+01 6.426020000000000000e+05
1.429404784151020458e+00 1.919618863558435180e+02 4.803410586182866382e+01 6.518900000000000000e+05
1.435691047292837252e+00 1.917111273282741593e+02 4.778334683425930507e+01 6.552160000000000000e+05
1.441980674135391771e+00 1.908828929109213561e+02 4.695511241690650195e+01 6.637680000000000000e+05
1.448270256156670488e+00 1.901520035968058835e+02 4.622422310279102931e+01 6.676260000000000000e+05
1.454546622628224650e+00 1.910003036724734784e+02 4.707252317845862422e+01 6.716420000000000000e+05
1.460820715374602674e+00 1.894157022917329130e+02 4.548792179771805877e+01 6.794060000000000000e+05
1.467116879073512736e+00 1.895971343444780359e+02 4.566935385046318174e+01 6.874520000000000000e+05
1.473402996227505257e+00 1.883990956434091686e+02 4.447131514939431440e+01 6.894720000000000000e+05
1.479676491952220729e+00 1.884518367766083315e+02 4.452405628259347736e+01 6.966860000000000000e+05
1.485967553866846869e+00 1.886708424314324475e+02 4.474306193741759330e+01 7.043380000000000000e+05
1.492246821535899048e+00 1.879806623324181203e+02 4.405288183840326610e+01 7.067400000000000000e+05
1.498509554578234537e+00 1.873166450091638637e+02 4.338886451514900955e+01 7.122360000000000000e+05
1.504789768773060477e+00 1.875632443922222592e+02 4.363546389820740501e+01 7.226580000000000000e+05
1.511081932996167110e+00 1.863127093175816924e+02 4.238492882356683822e+01 7.268980000000000000e+05
1.517368266691215162e+00 1.868165856140340395e+02 4.288880512001918532e+01 7.332820000000000000e+05
1.523654636026075648e+00 1.861170792703245809e+02 4.218929877630972669e+01 7.396640000000000000e+05
1.529943441059384845e+00 1.859748912842333652e+02 4.204711079021851106e+01 7.455940000000000000e+05
1.536239025868725072e+00 1.855718140204246822e+02 4.164403352640982803e+01 7.536480000000000000e+05
1.542520371859912531e+00 1.853095984917065380e+02 4.138181799769168379e+01 7.545420000000000000e+05
1.548788934475642254e+00 1.848217776131559447e+02 4.089399711914109048e+01 7.626580000000000000e+05
1.555076717032853217e+00 1.847901913961261471e+02 4.086241090211129290e+01 7.721700000000000000e+05
1.561367597618051883e+00 1.842537384533588636e+02 4.032595795934400940e+01 7.751460000000000000e+05
1.567640799474913083e+00 1.848876551626581488e+02 4.095987466864329463e+01 7.806720000000000000e+05
1.573918091021587307e+00 1.836901118278066178e+02 3.976233133379176365e+01 7.887520000000000000e+05
1.580208770922777894e+00 1.836987285121569187e+02 3.977094801814206448e+01 7.962340000000000000e+05
1.586494501348699515e+00 1.832176919091218110e+02 3.928991141510695684e+01 8.007500000000000000e+05
1.592767039126987694e+00 1.828456956748768789e+02 3.891791518086202473e+01 8.048100000000000000e+05
1.599052488140243256e+00 1.829110631889458318e+02 3.898328269493097764e+01 8.176280000000000000e+05
1.605347362928585930e+00 1.826242948198910199e+02 3.869651432587616569e+01 8.192580000000000000e+05
1.611624469631112389e+00 1.819268133548883668e+02 3.799903286087351262e+01 8.265800000000000000e+05
1.617906873560414516e+00 1.825885425565137155e+02 3.866076206249886127e+01 8.332260000000000000e+05
1.624193727299755308e+00 1.817693272525578152e+02 3.784154675854296102e+01 8.401780000000000000e+05
1.630471782443348783e+00 1.812206873666013678e+02 3.729290687258651360e+01 8.448300000000000000e+05
1.636760164716084098e+00 1.813021129329722214e+02 3.737433243895736723e+01 8.551300000000000000e+05
1.643043464683600297e+00 1.808289573741127469e+02 3.690117688009789276e+01 8.575060000000000000e+05
1.649316977887778979e+00 1.801305556337214568e+02 3.620277513970660266e+01 8.644800000000000000e+05
1.655599056937107516e+00 1.811367114701702405e+02 3.720893097615538636e+01 8.738480000000000000e+05
1.661884166769115767e+00 1.803231768997866595e+02 3.639539640577180535e+01 8.783400000000000000e+05
1.668176504354522471e+00 1.803382223954203312e+02 3.641044190140547698e+01 8.889200000000000000e+05
1.674458683878514931e+00 1.798164685730582448e+02 3.588868807904339064e+01 8.893580000000000000e+05
1.680728630093367038e+00 1.797870214781243590e+02 3.585924098410950478e+01 8.981800000000000000e+05
1.687019939142594183e+00 1.789778682971173680e+02 3.505008780310251382e+01 9.095840000000000000e+05
1.693318824324689276e+00 1.787590371458727816e+02 3.483125665185792741e+01 9.136000000000000000e+05
1.699588010948696493e+00 1.788513829628602423e+02 3.492360246884538810e+01 9.141300000000000000e+05
1.705865055857039181e+00 1.784061024438910295e+02 3.447832194987617527e+01 9.300560000000000000e+05
1.712165335543606837e+00 1.787607827659682869e+02 3.483300227195343268e+01 9.342660000000000000e+05
1.718451221796237549e+00 1.776945231936708467e+02 3.376674269965599251e+01 9.398780000000000000e+05
1.724725883597690634e+00 1.777050016151457612e+02 3.377722112113090702e+01 9.443780000000000000e+05
1.731001460952539039e+00 1.774367980434070660e+02 3.350901754939221178e+01 9.535880000000000000e+05
1.737293076086154020e+00 1.769644994877559157e+02 3.303671899374106147e+01 9.640360000000000000e+05
1.743575012025098125e+00 1.768929197254678627e+02 3.296513923145300851e+01 9.634900000000000000e+05
1.749853765858601529e+00 1.768503503135629558e+02 3.292256981954810158e+01 9.778260000000000000e+05
1.756139760422475327e+00 1.763550627702356337e+02 3.242728227622077952e+01 9.793740000000000000e+05
1.762418064231706216e+00 1.764284630549760209e+02 3.250068256096116670e+01 9.891060000000000000e+05
1.768704373978918332e+00 1.763158952608806374e+02 3.238811476686578317e+01 9.968660000000000000e+05
1.774989017499519983e+00 1.756820499305786996e+02 3.175426943656384537e+01 1.001708000000000000e+06
1.781271339834514134e+00 1.759507284731556922e+02 3.202294797914083802e+01 1.011292000000000000e+06
1.787557810851539308e+00 1.753933895989361815e+02 3.146560910492132734e+01 1.016394000000000000e+06
1.793844465061326554e+00 1.748054172272597668e+02 3.087763673324491265e+01 1.026530000000000000e+06
1.800123882125254315e+00 1.746607934986673456e+02 3.073301300465249142e+01 1.028166000000000000e+06
1.806399855932671716e+00 1.750802630759889951e+02 3.115248258197414088e+01 1.039020000000000000e+06
1.812677292178102029e+00 1.744990349877768097e+02 3.057125449376195547e+01 1.044114000000000000e+06
1.818962554020154831e+00 1.747785019295262146e+02 3.085072143551136037e+01 1.055160000000000000e+06
1.825254388213496393e+00 1.741777207039273492e+02 3.024994020991249499e+01 1.061910000000000000e+06
1.831535832002544106e+00 1.740864315044771615e+02 3.015865101046230734e+01 1.065538000000000000e+06
1.837815550403961051e+00 1.736512559984473398e+02 2.972347550443248565e+01 1.075850000000000000e+06
1.844109001519104174e+00 1.735901811632266742e+02 2.966240066921182006e+01 1.085614000000000000e+06
1.850394624542057054e+00 1.735407939681966525e+02 2.961301347418179830e+01 1.087722000000000000e+06
1.856670888758223281e+00 1.730978081472851500e+02 2.917002765327029579e+01 1.096876000000000000e+06
1.862955904437998855e+00 1.730079277676035474e+02 2.908014727358869322e+01 1.105496000000000000e+06
1.869239093965251008e+00 1.732347499104342035e+02 2.930696941641934927e+01 1.111720000000000000e+06
1.875524551422873554e+00 1.726756381703161480e+02 2.874785767630129385e+01 1.121280000000000000e+06
1.881807982104247490e+00 1.725992526500438657e+02 2.867147215602901156e+01 1.125186000000000000e+06
1.888084182640285436e+00 1.721014773375127334e+02 2.817369684349787917e+01 1.134232000000000000e+06
1.894359184767357762e+00 1.722215683132789650e+02 2.829378781926411079e+01 1.139920000000000000e+06
1.900652335243679270e+00 1.719939579954122735e+02 2.806617750139741929e+01 1.156084000000000000e+06
1.906941434140952518e+00 1.716937857900506117e+02 2.776600529603575751e+01 1.153348000000000000e+06
1.913211010588978134e+00 1.717615607420527510e+02 2.783378024803789685e+01 1.163962000000000000e+06
1.919497353804973994e+00 1.714068317133340429e+02 2.747905121931918870e+01 1.175698000000000000e+06
1.925784376717101232e+00 1.710623255408216608e+02 2.713454504680680657e+01 1.178618000000000000e+06
1.932070295894139811e+00 1.709777786466250404e+02 2.704999815261018625e+01 1.191414000000000000e+06
1.938347681358776109e+00 1.709166854350482083e+02 2.698890494103335413e+01 1.190388000000000000e+06
1.944622715438230065e+00 1.706897890629409744e+02 2.676200856892612023e+01 1.205992000000000000e+06
1.950912101770938545e+00 1.704162135163928724e+02 2.648843302237801822e+01 1.212094000000000000e+06
1.957200170150135810e+00 1.703783613993993242e+02 2.645058090538447004e+01 1.220074000000000000e+06
1.963483156116985873e+00 1.703721381980619185e+02 2.644435770404706432e+01 1.226826000000000000e+06
1.969764663919415071e+00 1.702476008932229092e+02 2.631982039920805505e+01 1.234274000000000000e+06
1.976058795452903194e+00 1.701615074106215104e+02 2.623372691660665623e+01 1.248286000000000000e+06
1.982347818239277082e+00 1.700348157093391137e+02 2.610703521532425953e+01 1.247764000000000000e+06
1.988621905801704060e+00 1.697012852438739401e+02 2.577350474985908590e+01 1.258144000000000000e+06
1.994901683859673147e+00 1.694581988576350113e+02 2.553041836362015715e+01 1.266462000000000000e+06
2.001185568350352106e+00 1.692877274968874701e+02 2.535994700287261594e+01 1.274682000000000000e+06
2.007463530968069509e+00 1.692713343572177109e+02 2.534355386320285675e+01 1.281282000000000000e+06
2.013743684507833809e+00 1.693988720951690823e+02 2.547109160115422810e+01 1.290814000000000000e+06
2.020026468512655438e+00 1.689528974224144235e+02 2.502511692839956936e+01 1.298642000000000000e+06
2.026317940332479139e+00 1.687368594950302452e+02 2.480907900101539099e+01 1.310514000000000000e+06
2.032605346556254133e+00 1.685642228763079231e+02 2.463644238229306893e+01 1.313348000000000000e+06
2.038876250754864561e+00 1.684407681615470835e+02 2.451298766753222935e+01 1.320124000000000000e+06
2.045156862230546491e+00 1.683949935521900159e+02 2.446721305817516168e+01 1.333076000000000000e+06
2.051450376459333036e+00 1.682424590473356147e+02 2.431467855332076056e+01 1.342160000000000000e+06
2.057735646516794858e+00 1.680517790603754520e+02 2.412399856636059781e+01 1.346470000000000000e+06
2.064019658255301426e+00 1.679586234830465230e+02 2.403084298903166882e+01 1.357668000000000000e+06
2.070309709613492366e+00 1.679206589103300473e+02 2.399287841631519314e+01 1.365808000000000000e+06
2.076598642179291243e+00 1.679349964001235094e+02 2.400721590610865519e+01 1.373258000000000000e+06
2.082870032339927402e+00 1.669461968954481108e+02 2.301841640143325662e+01 1.375392000000000000e+06
2.089134787055322295e+00 1.672738230279768459e+02 2.334604253396199169e+01 1.386994000000000000e+06
2.095425627190938389e+00 1.675648977399233672e+02 2.363711724590851304e+01 1.402688000000000000e+06
2.101711371004562512e+00 1.671643046998696036e+02 2.323652420585474943e+01 1.402456000000000000e+06
2.107989648687532469e+00 1.670110350698313653e+02 2.308325457581651108e+01 1.415562000000000000e+06
2.114274413323816493e+00 1.669060077447307151e+02 2.297822725071586092e+01 1.423152000000000000e+06
2.120557238443375958e+00 1.670832202914919549e+02 2.315543979747710068e+01 1.430474000000000000e+06
2.126845280632974067e+00 1.667010182683614516e+02 2.277323777434659746e+01 1.442654000000000000e+06
2.133128554780450159e+00 1.667589352846989925e+02 2.283115479068413833e+01 1.446292000000000000e+06
2.139412332467919065e+00 1.667145738904083885e+02 2.278679339639353429e+01 1.458674000000000000e+06
2.145698003662099396e+00 1.663727761077941807e+02 2.244499561377932650e+01 1.465518000000000000e+06
2.151977195668531184e+00 1.659764186684865876e+02 2.204863817447173346e+01 1.471640000000000000e+06
2.158263209952423267e+00 1.659162747536579161e+02 2.198849425964306192e+01 1.486868000000000000e+06
2.164552162632372490e+00 1.659473088543961978e+02 2.201952836038134365e+01 1.490076000000000000e+06
2.170839225012531681e+00 1.661621817175321780e+02 2.223440122351732384e+01 1.502730000000000000e+06
2.177120082977427540e+00 1.659258157575873440e+02 2.199803526357248984e+01 1.505460000000000000e+06
2.183393121055990260e+00 1.659626253896466324e+02 2.203484489563177817e+01 1.515192000000000000e+06
2.189672152712972331e+00 1.651740600779768329e+02 2.124627958396197869e+01 1.527176000000000000e+06
2.195961755713628616e+00 1.654543107077495563e+02 2.152653021373470210e+01 1.536762000000000000e+06
2.202246728716700463e+00 1.649292363678748075e+02 2.100145587385995327e+01 1.542760000000000000e+06
2.208524403202436037e+00 1.653117200308682015e+02 2.138393953685334736e+01 1.550958000000000000e+06
2.214806392550185965e+00 1.649577221100775546e+02 2.102994161606270040e+01 1.562242000000000000e+06
2.221097232089587870e+00 1.649369135522028671e+02 2.100913305818801291e+01 1.573636000000000000e+06
2.227379738633999295e+00 1.648577911327977858e+02 2.093001063878293166e+01 1.575424000000000000e+06
2.233661892530534487e+00 1.647345332830723521e+02 2.080675278905749792e+01 1.591318000000000000e+06
2.239944725315571095e+00 1.647709683069244306e+02 2.084318781290957645e+01 1.593836000000000000e+06
2.246225895079906554e+00 1.645921278047726446e+02 2.066434731075779041e+01 1.608032000000000000e+06
2.252509804346050082e+00 1.648271057115864551e+02 2.089932521757160089e+01 1.613848000000000000e+06
2.258786271982848870e+00 1.645225675476759761e+02 2.059478705366112194e+01 1.621344000000000000e+06
2.265071686104545012e+00 1.643360883036873759e+02 2.040830780967252167e+01 1.636986000000000000e+06
2.271353283744287577e+00 1.641291989454882412e+02 2.020141845147338699e+01 1.637896000000000000e+06
2.277641683762936520e+00 1.638547233700652441e+02 1.992694287605038994e+01 1.657744000000000000e+06
2.283930104798850280e+00 1.639424776510855111e+02 2.001469715707065689e+01 1.657162000000000000e+06
2.290207926740317035e+00 1.639505115924222025e+02 2.002273109840734833e+01 1.669282000000000000e+06
2.296494840186173114e+00 1.638523656954634475e+02 1.992458520144859335e+01 1.681784000000000000e+06
2.302772905700670947e+00 1.637680644151714660e+02 1.984028392115661177e+01 1.681712000000000000e+06
2.309052374557129195e+00 1.634117622018173677e+02 1.948398170780251348e+01 1.701460000000000000e+06
2.315343134461879337e+00 1.635534632651887534e+02 1.962568277117389925e+01 1.706278000000000000e+06
2.321633141999085659e+00 1.637436488583401513e+02 1.981586836432529708e+01 1.719040000000000000e+06
2.327916355392010139e+00 1.635105723215027069e+02 1.958279182748785274e+01 1.722426000000000000e+06
2.334190722001127316e+00 1.632284664583253573e+02 1.930068596431050310e+01 1.731242000000000000e+06
2.340473130334892460e+00 1.631331551801829960e+02 1.920537468616814181e+01 1.746678000000000000e+06
2.346761369860457247e+00 1.628833147652208027e+02 1.895553427120594847e+01 1.752724000000000000e+06
2.353047769056515470e+00 1.631413610398591345e+02 1.921358054584428032e+01 1.764314000000000000e+06
2.359330397319757022e+00 1.630376373332148319e+02 1.910985683919997768e+01 1.770156000000000000e+06
2.365605034054369060e+00 1.627138843943475308e+02 1.878610390033267663e+01 1.777436000000000000e+06
2.371891455909768354e+00 1.627947467205159739e+02 1.886696622650111976e+01 1.797104000000000000e+06
2.378179546072414663e+00 1.626727754436587077e+02 1.874499494964385349e+01 1.796398000000000000e+06
2.384457586600779333e+00 1.625296246773990276e+02 1.860184418338417345e+01 1.810884000000000000e+06
2.390743123140302018e+00 1.628390905844768213e+02 1.891131009046196709e+01 1.819896000000000000e+06
2.397020324856477647e+00 1.624819789389442235e+02 1.855419844492936932e+01 1.824020000000000000e+06
2.403297352078177518e+00 1.622563101522015074e+02 1.832852965818665325e+01 1.840406000000000000e+06
