# # k, P(k),P(k)-shotnoise, Nmodes
8.899641224696953554e-03 3.252294168982541669e+04 3.247022311412950148e+04 2.600000000000000000e+01
1.507912216506558135e-02 3.578013584229587286e+04 3.572741726659995766e+04 6.600000000000000000e+01
2.144790186456837014e-02 2.796364008687217211e+04 2.791092151117625690e+04 1.580000000000000000e+02
2.792609073416789378e-02 3.017508831371835913e+04 3.012236973802244393e+04 2.400000000000000000e+02
3.439458802618463457e-02 2.599548013517107756e+04 2.594276155947516236e+04 4.040000000000000000e+02
4.063552503253392567e-02 2.178596231186231671e+04 2.173324373616640150e+04 4.920000000000000000e+02
4.685273545737825979e-02 2.063293849740044607e+04 2.058021992170453086e+04 7.160000000000000000e+02
5.308225101765943338e-02 2.030114286507615907e+04 2.024842428938024386e+04 8.660000000000000000e+02
5.947086026992840641e-02 1.938090854867301459e+04 1.932818997297709939e+04 1.176000000000000000e+03
6.579000890571343185e-02 1.733730657928415530e+04 1.728458800358824010e+04 1.358000000000000000e+03
7.197688940286899040e-02 1.696770888291918891e+04 1.691499030722327370e+04 1.620000000000000000e+03
7.827860915688306109e-02 1.677050679816017509e+04 1.671778822246425989e+04 1.970000000000000000e+03
8.473402853143152669e-02 1.535657554474953940e+04 1.530385696905362602e+04 2.388000000000000000e+03
9.114995057719250948e-02 1.425296641796747099e+04 1.420024784227155760e+04 2.642000000000000000e+03
9.733441570868076043e-02 1.265581397080090937e+04 1.260309539510499599e+04 2.948000000000000000e+03
1.034823507189909925e-01 1.298814089949953086e+04 1.293542232380361747e+04 3.312000000000000000e+03
1.097621497737264751e-01 1.224373691649079774e+04 1.219101834079488435e+04 3.920000000000000000e+03
1.161502569114246236e-01 1.221190237391720439e+04 1.215918379822129100e+04 4.368000000000000000e+03
1.224511299792719610e-01 1.183459161840423985e+04 1.178187304270832647e+04 4.706000000000000000e+03
1.287146397216415161e-01 1.148323035537894975e+04 1.143051177968303637e+04 5.312000000000000000e+03
1.349787624209431713e-01 1.156990917218412505e+04 1.151719059648821167e+04 5.712000000000000000e+03
1.412227094847550990e-01 1.081205575310798304e+04 1.075933717741206965e+04 6.380000000000000000e+03
1.475340300674937433e-01 1.077513425452699994e+04 1.072241567883108655e+04 6.966000000000000000e+03
1.538209950420127425e-01 1.039615609228091489e+04 1.034343751658500150e+04 7.448000000000000000e+03
1.600939799861342827e-01 1.015924546305131480e+04 1.010652688735540141e+04 8.252000000000000000e+03
1.664990542498203663e-01 9.785183796164039450e+03 9.732465220468126063e+03 9.032000000000000000e+03
1.728174132941030505e-01 9.873794928344314030e+03 9.821076352648400643e+03 9.454000000000000000e+03
1.789853057753862942e-01 9.439714638473804371e+03 9.386996062777890984e+03 9.842000000000000000e+03
1.852733873177464519e-01 9.494315996079561955e+03 9.441597420383648569e+03 1.128200000000000000e+04
1.915389716053957636e-01 9.312849613389280421e+03 9.260131037693367034e+03 1.131800000000000000e+04
1.978093968968032412e-01 9.331770113118855079e+03 9.279051537422941692e+03 1.268400000000000000e+04
2.041363739541903199e-01 9.256966660739550207e+03 9.204248085043636820e+03 1.328000000000000000e+04
2.104329801156032687e-01 9.061904048893698928e+03 9.009185473197785541e+03 1.408200000000000000e+04
2.167445339963977868e-01 9.068997277736863907e+03 9.016278702040950520e+03 1.513400000000000000e+04
2.230182219099299812e-01 9.054195528826749069e+03 9.001476953130835682e+03 1.561200000000000000e+04
2.292666160073620063e-01 8.806132690580912822e+03 8.753414114884999435e+03 1.673000000000000000e+04
2.355414553524693422e-01 8.807137400746318235e+03 8.754418825050404848e+03 1.765200000000000000e+04
2.418784335992887613e-01 8.709160657059866935e+03 8.656442081363953548e+03 1.889000000000000000e+04
2.481481271052154158e-01 8.644444925184927342e+03 8.591726349489013955e+03 1.929800000000000000e+04
2.543650879168818379e-01 8.355079408250592678e+03 8.302360832554679291e+03 2.047000000000000000e+04
2.606536864982170187e-01 8.326272659271868179e+03 8.273554083575954792e+03 2.174800000000000000e+04
2.669516384221341521e-01 8.507865121424712925e+03 8.455146545728799538e+03 2.269000000000000000e+04
2.732605699623428253e-01 8.194541522623776473e+03 8.141822946927862176e+03 2.392000000000000000e+04
2.796050098145749785e-01 8.183432234539333876e+03 8.130713658843419580e+03 2.524600000000000000e+04
2.858914879318384394e-01 8.275101799094170929e+03 8.222383223398257542e+03 2.568400000000000000e+04
2.920995948224677785e-01 8.127968815041353082e+03 8.075250239345438786e+03 2.681600000000000000e+04
2.983507476243664192e-01 8.309834324248991834e+03 8.257115748553078447e+03 2.844000000000000000e+04
3.046505408519667446e-01 8.078742469401677226e+03 8.026023893705762930e+03 2.953800000000000000e+04
3.109471038444538982e-01 8.044302336950451718e+03 7.991583761254537421e+03 3.094400000000000000e+04
3.172476750734718465e-01 8.060957081495263992e+03 8.008238505799349696e+03 3.198000000000000000e+04
3.235400448401911655e-01 7.993601976815488342e+03 7.940883401119574046e+03 3.352600000000000000e+04
3.298240459879566155e-01 7.996655081601445090e+03 7.943936505905530794e+03 3.446400000000000000e+04
3.361484519828671913e-01 8.088004300102767047e+03 8.035285724406852751e+03 3.651400000000000000e+04
3.424245328606954630e-01 7.963134909742640957e+03 7.910416334046726661e+03 3.675800000000000000e+04
3.486779824429606656e-01 7.992247832239690979e+03 7.939529256543776683e+03 3.881000000000000000e+04
3.549863988041813134e-01 7.872987808391882027e+03 7.820269232695967730e+03 4.041000000000000000e+04
3.612333738091870750e-01 7.850851261942826568e+03 7.798132686246912272e+03 4.071400000000000000e+04
3.675042092955584372e-01 7.878577569963779752e+03 7.825858994267865455e+03 4.367000000000000000e+04
3.737994570270907757e-01 7.700766725888460314e+03 7.648048150192546018e+03 4.398600000000000000e+04
3.800864636623462745e-01 7.856655534112127498e+03 7.803936958416213201e+03 4.642800000000000000e+04
3.863718149601460539e-01 7.676115885495801194e+03 7.623397309799886898e+03 4.723600000000000000e+04
3.926652062093009543e-01 7.753166007794203324e+03 7.700447432098289028e+03 4.938600000000000000e+04
3.989690954083237040e-01 7.632461828469109605e+03 7.579743252773195309e+03 5.079600000000000000e+04
4.052314429539636831e-01 7.689661624874890549e+03 7.636943049178976253e+03 5.174000000000000000e+04
4.115238727386639761e-01 7.658468821364850555e+03 7.605750245668936259e+03 5.460200000000000000e+04
4.178033403078543762e-01 7.723231106857119812e+03 7.670512531161205516e+03 5.484400000000000000e+04
4.240515472996450597e-01 7.613389619947814936e+03 7.560671044251900639e+03 5.723200000000000000e+04
4.303677505012359350e-01 7.631497552780644583e+03 7.578778977084730286e+03 5.964800000000000000e+04
4.366726307806358953e-01 7.648175124452312048e+03 7.595456548756397751e+03 6.038400000000000000e+04
4.429228297480427012e-01 7.552338973036071366e+03 7.499620397340157069e+03 6.217000000000000000e+04
4.491736915552866916e-01 7.567286339908282571e+03 7.514567764212368274e+03 6.383200000000000000e+04
4.554569188183393291e-01 7.488413507011105139e+03 7.435694931315190843e+03 6.627200000000000000e+04
4.617788911268420060e-01 7.585110600692279149e+03 7.532392024996364853e+03 6.860400000000000000e+04
4.680995906845802912e-01 7.459032700296133953e+03 7.406314124600219657e+03 6.982400000000000000e+04
4.743866829976556287e-01 7.526943582435798817e+03 7.474225006739884520e+03 7.159800000000000000e+04
4.806701266904181979e-01 7.479132747804782412e+03 7.426414172108868115e+03 7.363400000000000000e+04
4.869464029839004060e-01 7.416312617201892863e+03 7.363594041505978566e+03 7.514600000000000000e+04
4.932051255392171929e-01 7.472095894221559320e+03 7.419377318525645023e+03 7.732800000000000000e+04
4.994696626648479909e-01 7.436637756826666191e+03 7.383919181130751895e+03 7.884800000000000000e+04
5.057193073175597631e-01 7.437236766849381638e+03 7.384518191153467342e+03 8.116400000000000000e+04
5.119989495044070527e-01 7.461963621626130589e+03 7.409245045930216293e+03 8.364400000000000000e+04
5.183159826466314790e-01 7.427106106894080767e+03 7.374387531198166471e+03 8.615600000000000000e+04
5.246107092885408107e-01 7.445681043092235086e+03 7.392962467396320790e+03 8.741000000000000000e+04
5.308819677746196009e-01 7.401522967669965510e+03 7.348804391974051214e+03 8.933800000000000000e+04
5.371663275127862569e-01 7.405683129451056629e+03 7.352964553755142333e+03 9.246200000000000000e+04
5.434900758720350167e-01 7.406811996207085031e+03 7.354093420511170734e+03 9.450400000000000000e+04
5.497699542502575420e-01 7.358065654385480229e+03 7.305347078689565933e+03 9.565800000000000000e+04
5.560083363989032357e-01 7.374265946665706906e+03 7.321547370969792610e+03 9.759800000000000000e+04
5.623114537777685884e-01 7.300014715878207426e+03 7.247296140182293129e+03 1.019620000000000000e+05
5.686318313430648308e-01 7.304510988927245307e+03 7.251792413231331011e+03 1.029860000000000000e+05
5.748997298340194906e-01 7.287573669307393175e+03 7.234855093611478878e+03 1.044280000000000000e+05
5.811784316152807106e-01 7.340513501221626029e+03 7.287794925525711733e+03 1.082760000000000000e+05
5.874623501555152894e-01 7.330324883865055199e+03 7.277606308169140902e+03 1.091300000000000000e+05
5.937358705487374433e-01 7.310850394489988503e+03 7.258131818794074206e+03 1.124920000000000000e+05
6.000132321575981642e-01 7.344704496705197926e+03 7.291985921009283629e+03 1.142380000000000000e+05
6.062764279011477742e-01 7.256600553363424297e+03 7.203881977667510000e+03 1.165200000000000000e+05
6.125579126729602253e-01 7.271076922307493078e+03 7.218358346611578781e+03 1.198680000000000000e+05
6.188758883571132685e-01 7.291410450094367661e+03 7.238691874398453365e+03 1.227600000000000000e+05
6.251574688191492424e-01 7.276521901015206822e+03 7.223803325319292526e+03 1.235740000000000000e+05
6.314078328527679140e-01 7.253458087858311956e+03 7.200739512162397659e+03 1.265060000000000000e+05
6.377090179731219610e-01 7.206147822428714790e+03 7.153429246732800493e+03 1.303720000000000000e+05
6.440064460832264359e-01 7.270657880366606150e+03 7.217939304670691854e+03 1.318120000000000000e+05
6.502830651582106603e-01 7.231353407680014243e+03 7.178634831984099947e+03 1.344920000000000000e+05
6.565805265356863263e-01 7.240853355130067030e+03 7.188134779434152733e+03 1.379620000000000000e+05
6.628599596871522781e-01 7.137823695209747711e+03 7.085105119513833415e+03 1.390120000000000000e+05
6.691298853551562731e-01 7.204639452888874075e+03 7.151920877192959779e+03 1.425480000000000000e+05
6.754222718254296876e-01 7.187164894186693346e+03 7.134446318490779049e+03 1.458880000000000000e+05
6.816939054591842906e-01 7.160028745543234436e+03 7.107310169847320140e+03 1.465620000000000000e+05
6.879709791718701117e-01 7.118746657336708267e+03 7.066028081640793971e+03 1.517500000000000000e+05
6.942614105711022443e-01 7.116812699096649339e+03 7.064094123400735043e+03 1.526260000000000000e+05
7.005365424756659909e-01 7.103601551273980476e+03 7.050882975578066180e+03 1.565860000000000000e+05
7.068233029523925959e-01 7.117269136771065860e+03 7.064550561075151563e+03 1.590780000000000000e+05
7.131225830129004351e-01 7.063649651075894326e+03 7.010931075379980030e+03 1.622900000000000000e+05
7.194106404935602939e-01 7.137385360344605942e+03 7.084666784648691646e+03 1.647700000000000000e+05
7.256916467573152341e-01 7.136768289281283614e+03 7.084049713585369318e+03 1.674660000000000000e+05
7.319862263035085137e-01 7.064649967035094960e+03 7.011931391339180664e+03 1.713680000000000000e+05
7.382778109483263407e-01 7.100967496404966369e+03 7.048248920709052072e+03 1.730960000000000000e+05
7.445474719729404667e-01 7.104976096926636274e+03 7.052257521230721977e+03 1.760120000000000000e+05
7.508031991267573035e-01 7.091677837560891021e+03 7.038959261864976725e+03 1.785720000000000000e+05
7.570835243855718044e-01 7.085236715972737329e+03 7.032518140276823033e+03 1.828740000000000000e+05
7.633725915964089115e-01 7.029939157096570852e+03 6.977220581400656556e+03 1.855560000000000000e+05
7.696559165320593365e-01 7.061581198385213611e+03 7.008862622689299315e+03 1.883800000000000000e+05
7.759472068200509165e-01 7.028612660270267043e+03 6.975894084574352746e+03 1.923620000000000000e+05
7.822420857509159164e-01 7.051228193692714740e+03 6.998509617996800444e+03 1.948920000000000000e+05
7.885501419914293653e-01 6.962050252849960088e+03 6.909331677154045792e+03 1.992240000000000000e+05
7.948038474963337041e-01 7.008193194658294487e+03 6.955474618962380191e+03 1.980620000000000000e+05
8.010520907109800470e-01 7.012186887916593150e+03 6.959468312220678854e+03 2.048760000000000000e+05
8.073556460726576400e-01 7.018387427713530087e+03 6.965668852017615791e+03 2.082080000000000000e+05
8.136472652876408640e-01 6.979739074931909272e+03 6.927020499235994976e+03 2.106380000000000000e+05
8.199328051877485812e-01 7.011856594276484429e+03 6.959138018580570133e+03 2.141460000000000000e+05
8.262092250684122119e-01 6.975097526325290346e+03 6.922378950629376050e+03 2.167700000000000000e+05
8.325052758042271739e-01 6.969864130253211442e+03 6.917145554557297146e+03 2.218980000000000000e+05
8.388116654351844836e-01 6.939110533833215413e+03 6.886391958137301117e+03 2.244000000000000000e+05
8.450849103364239667e-01 6.973646735404161518e+03 6.920928159708247222e+03 2.263060000000000000e+05
8.513462727474617742e-01 6.930352864564512856e+03 6.877634288868598560e+03 2.298240000000000000e+05
8.576284146508676987e-01 6.953684881115966164e+03 6.900966305420051867e+03 2.351900000000000000e+05
8.639203271423162578e-01 6.919867793016540418e+03 6.867149217320626121e+03 2.369960000000000000e+05
8.702001278720664645e-01 6.926327695929012407e+03 6.873609120233098110e+03 2.415680000000000000e+05
8.764772930847268828e-01 6.885251756603651302e+03 6.832533180907737005e+03 2.433340000000000000e+05
8.827715178895144676e-01 6.899292732471933050e+03 6.846574156776018754e+03 2.500580000000000000e+05
8.890536686845070813e-01 6.890569557216032990e+03 6.837850981520118694e+03 2.498260000000000000e+05
8.953222746762443673e-01 6.883614147597339070e+03 6.830895571901424773e+03 2.554020000000000000e+05
9.016064535102598088e-01 6.849999973888893692e+03 6.797281398192979395e+03 2.588880000000000000e+05
9.078934899700541461e-01 6.864785844981962327e+03 6.812067269286048031e+03 2.622400000000000000e+05
9.141879395382898066e-01 6.823467760119114246e+03 6.770749184423199949e+03 2.673220000000000000e+05
9.204870069999977478e-01 6.813197177098645625e+03 6.760478601402731329e+03 2.697820000000000000e+05
9.267634485314798498e-01 6.831435139803791571e+03 6.778716564107877275e+03 2.725480000000000000e+05
9.330398908859652840e-01 6.839763654422691616e+03 6.787045078726777319e+03 2.775220000000000000e+05
9.393419790538620751e-01 6.797986487408011271e+03 6.745267911712096975e+03 2.819920000000000000e+05
9.456138811139273015e-01 6.822439009419106696e+03 6.769720433723192400e+03 2.827100000000000000e+05
9.518752143586322045e-01 6.781598426977490817e+03 6.728879851281576521e+03 2.881620000000000000e+05
9.581565932480536896e-01 6.788518951393095449e+03 6.735800375697181153e+03 2.922500000000000000e+05
9.644556692432024736e-01 6.786004631166461877e+03 6.733286055470547581e+03 2.976780000000000000e+05
9.707473583964632002e-01 6.789843901372883010e+03 6.737125325676968714e+03 2.990500000000000000e+05
9.770167227541187716e-01 6.794837932136197196e+03 6.742119356440282900e+03 3.035940000000000000e+05
9.832935359933105968e-01 6.736454779436623539e+03 6.683736203740709243e+03 3.072180000000000000e+05
9.895688562506220753e-01 6.727733181925164899e+03 6.675014606229250603e+03 3.115520000000000000e+05
9.958591531227547478e-01 6.758212579201663175e+03 6.705494003505748879e+03 3.166400000000000000e+05
1.002144834684193242e+00 6.760949868919887194e+03 6.708231293223972898e+03 3.188100000000000000e+05
1.008417393835248532e+00 6.711604936968468792e+03 6.658886361272554495e+03 3.236140000000000000e+05
1.014706927655060875e+00 6.699026573508890579e+03 6.646307997812976282e+03 3.281640000000000000e+05
1.020995821536768045e+00 6.687531235870586897e+03 6.634812660174672601e+03 3.322980000000000000e+05
1.027277321758624629e+00 6.680515552404039227e+03 6.627796976708124930e+03 3.352360000000000000e+05
1.033577629488106275e+00 6.699791646285264505e+03 6.647073070589350209e+03 3.423460000000000000e+05
1.039864888978200064e+00 6.647771646567402058e+03 6.595053070871487762e+03 3.426120000000000000e+05
1.046131543025751398e+00 6.674500535895224857e+03 6.621781960199310561e+03 3.478080000000000000e+05
1.052408295901959612e+00 6.648819760190072884e+03 6.596101184494158588e+03 3.527840000000000000e+05
1.058689459756216866e+00 6.662658348181215842e+03 6.609939772485301546e+03 3.560160000000000000e+05
1.064973476309879485e+00 6.669167734230798487e+03 6.616449158534884191e+03 3.617640000000000000e+05
1.071260228414355753e+00 6.633721573330507454e+03 6.581002997634593157e+03 3.652380000000000000e+05
1.077547506273993205e+00 6.621924608327437454e+03 6.569206032631523158e+03 3.698500000000000000e+05
1.083834594251098959e+00 6.621164733455345413e+03 6.568446157759431117e+03 3.744400000000000000e+05
1.090123338753580029e+00 6.590999004185898229e+03 6.538280428489983933e+03 3.779460000000000000e+05
1.096402047628067811e+00 6.623850231376467491e+03 6.571131655680553195e+03 3.828480000000000000e+05
1.102686734177269923e+00 6.604762995507843698e+03 6.552044419811929401e+03 3.870080000000000000e+05
1.108974905272321010e+00 6.597034028320972538e+03 6.544315452625058242e+03 3.918200000000000000e+05
1.115240505002667248e+00 6.590717700573211005e+03 6.537999124877296708e+03 3.936120000000000000e+05
1.121510968507875017e+00 6.548826379819657632e+03 6.496107804123743335e+03 4.007140000000000000e+05
1.127801000874616433e+00 6.583021703397944293e+03 6.530303127702029997e+03 4.057940000000000000e+05
1.134097027651290723e+00 6.566942638440603332e+03 6.514224062744689036e+03 4.099040000000000000e+05
1.140372932967484543e+00 6.512779420992070300e+03 6.460060845296156003e+03 4.124720000000000000e+05
1.146644399550673876e+00 6.531138557657131969e+03 6.478419981961217673e+03 4.185640000000000000e+05
1.152943533572619028e+00 6.543378898834967913e+03 6.490660323139053617e+03 4.250340000000000000e+05
1.159234629937837324e+00 6.508327118559826886e+03 6.455608542863912589e+03 4.270920000000000000e+05
1.165519427699577504e+00 6.499006727704790137e+03 6.446288152008875841e+03 4.331780000000000000e+05
1.171801113533186500e+00 6.510941723918521348e+03 6.458223148222607051e+03 4.360040000000000000e+05
1.178090415441370498e+00 6.513197643357324523e+03 6.460479067661410227e+03 4.439880000000000000e+05
1.184382922568056218e+00 6.464625267468299171e+03 6.411906691772384875e+03 4.453300000000000000e+05
1.190653318049772258e+00 6.476138150411783499e+03 6.423419574715869203e+03 4.508360000000000000e+05
1.196918726837574054e+00 6.455322947341420331e+03 6.402604371645506035e+03 4.537220000000000000e+05
1.203203941861949566e+00 6.471950983349480339e+03 6.419232407653566042e+03 4.634540000000000000e+05
1.209492404352916051e+00 6.419020692241285360e+03 6.366302116545371064e+03 4.638000000000000000e+05
1.215771355333522763e+00 6.436364032118714022e+03 6.383645456422799725e+03 4.715780000000000000e+05
1.222064664468862416e+00 6.432404970337458508e+03 6.379686394641544211e+03 4.760860000000000000e+05
1.228353922954420918e+00 6.413789199532089697e+03 6.361070623836175400e+03 4.800280000000000000e+05
1.234638470013954770e+00 6.407134408608148988e+03 6.354415832912234691e+03 4.861600000000000000e+05
1.240913261509356103e+00 6.421199726840097355e+03 6.368481151144183059e+03 4.877540000000000000e+05
1.247188250643475937e+00 6.404322650115379474e+03 6.351604074419465178e+03 4.961340000000000000e+05
1.253473069443996613e+00 6.399076808975820313e+03 6.346358233279906017e+03 4.994820000000000000e+05
1.259761898162141902e+00 6.397830596907704603e+03 6.345112021211790307e+03 5.065000000000000000e+05
1.266044124118156144e+00 6.390205587548157382e+03 6.337487011852243086e+03 5.091880000000000000e+05
1.272325893222376436e+00 6.364611119615671669e+03 6.311892543919757372e+03 5.154900000000000000e+05
1.278614164208257353e+00 6.348131986109900026e+03 6.295413410413985730e+03 5.212680000000000000e+05
1.284892611208029889e+00 6.356598040094768294e+03 6.303879464398853997e+03 5.238700000000000000e+05
1.291183645279231351e+00 6.354668878059834242e+03 6.301950302363919945e+03 5.336400000000000000e+05
1.297481503837926153e+00 6.340467014721903070e+03 6.287748439025988773e+03 5.355220000000000000e+05
1.303753723784867535e+00 6.315793684185779057e+03 6.263075108489864760e+03 5.391000000000000000e+05
1.310018983865986586e+00 6.311401598919894241e+03 6.258683023223979944e+03 5.455720000000000000e+05
1.316308510930670250e+00 6.304988532125216807e+03 6.252269956429302511e+03 5.530760000000000000e+05
1.322598362398576421e+00 6.274311610880241460e+03 6.221593035184327164e+03 5.564880000000000000e+05
1.328872053478450166e+00 6.300956042119287304e+03 6.248237466423373007e+03 5.606140000000000000e+05
1.335152188378053495e+00 6.290492907434359040e+03 6.237774331738444744e+03 5.684260000000000000e+05
1.341449661995184561e+00 6.273001845289089033e+03 6.220283269593174737e+03 5.746600000000000000e+05
1.347738927854007729e+00 6.264272326332351440e+03 6.211553750636437144e+03 5.770720000000000000e+05
1.354008700766087481e+00 6.267486045413821557e+03 6.214767469717907261e+03 5.822700000000000000e+05
1.360289660314967009e+00 6.261625083377682131e+03 6.208906507681767835e+03 5.901560000000000000e+05
1.366572251586567699e+00 6.234327060200791493e+03 6.181608484504877197e+03 5.928000000000000000e+05
1.372860453050388063e+00 6.214243554134640362e+03 6.161524978438726066e+03 6.027740000000000000e+05
1.379145023090685429e+00 6.220851996346131273e+03 6.168133420650216976e+03 6.026980000000000000e+05
1.385414535762269361e+00 6.194608504190233361e+03 6.141889928494319065e+03 6.111620000000000000e+05
1.391706524900663045e+00 6.188788225441070608e+03 6.136069649745156312e+03 6.180140000000000000e+05
1.397995531958892590e+00 6.179553295662775781e+03 6.126834719966861485e+03 6.215880000000000000e+05
1.404274192284941769e+00 6.190814217843771075e+03 6.138095642147856779e+03 6.277440000000000000e+05
1.410561555672766865e+00 6.159614540738461073e+03 6.106895965042546777e+03 6.335400000000000000e+05
1.416846912008939086e+00 6.173136073771294832e+03 6.120417498075380536e+03 6.397320000000000000e+05
1.423125133292065136e+00 6.142456211475398050e+03 6.089737635779483753e+03 6.426020000000000000e+05
1.429404784151020458e+00 6.139935410906705329e+03 6.087216835210791032e+03 6.518900000000000000e+05
1.435691047292837252e+00 6.118876241248794940e+03 6.066157665552880644e+03 6.552160000000000000e+05
1.441980674135391771e+00 6.118862639094672886e+03 6.066144063398758590e+03 6.637680000000000000e+05
1.448270256156670488e+00 6.108740934954622389e+03 6.056022359258708093e+03 6.676260000000000000e+05
1.454546622628224650e+00 6.108170307787720958e+03 6.055451732091806662e+03 6.716420000000000000e+05
1.460820715374602674e+00 6.093692468975726115e+03 6.040973893279811819e+03 6.794060000000000000e+05
1.467116879073512736e+00 6.089301639178917867e+03 6.036583063483003571e+03 6.874520000000000000e+05
1.473402996227505257e+00 6.072837413380216276e+03 6.020118837684301980e+03 6.894720000000000000e+05
1.479676491952220729e+00 6.068523561432202769e+03 6.015804985736288472e+03 6.966860000000000000e+05
1.485967553866846869e+00 6.062923424734362015e+03 6.010204849038447719e+03 7.043380000000000000e+05
1.492246821535899048e+00 6.033292161876012869e+03 5.980573586180098573e+03 7.067400000000000000e+05
1.498509554578234537e+00 6.028243039342465636e+03 5.975524463646551339e+03 7.122360000000000000e+05
1.504789768773060477e+00 6.031182006405926586e+03 5.978463430710012290e+03 7.226580000000000000e+05
1.511081932996167110e+00 6.024750807272257589e+03 5.972032231576343293e+03 7.268980000000000000e+05
1.517368266691215162e+00 6.012064990772836609e+03 5.959346415076922312e+03 7.332820000000000000e+05
1.523654636026075648e+00 5.996932117794483020e+03 5.944213542098568723e+03 7.396640000000000000e+05
1.529943441059384845e+00 5.990716457236941096e+03 5.937997881541026800e+03 7.455940000000000000e+05
1.536239025868725072e+00 5.975247395245896769e+03 5.922528819549982472e+03 7.536480000000000000e+05
1.542520371859912531e+00 5.969377036959393081e+03 5.916658461263478785e+03 7.545420000000000000e+05
1.548788934475642254e+00 5.964746224550159241e+03 5.912027648854244944e+03 7.626580000000000000e+05
1.555076717032853217e+00 5.955534608090995789e+03 5.902816032395081493e+03 7.721700000000000000e+05
1.561367597618051883e+00 5.946956738159043198e+03 5.894238162463128901e+03 7.751460000000000000e+05
1.567640799474913083e+00 5.946917984356779925e+03 5.894199408660865629e+03 7.806720000000000000e+05
1.573918091021587307e+00 5.944207855414359074e+03 5.891489279718444777e+03 7.887520000000000000e+05
1.580208770922777894e+00 5.923920562203431473e+03 5.871201986507517177e+03 7.962340000000000000e+05
1.586494501348699515e+00 5.903001182803519441e+03 5.850282607107605145e+03 8.007500000000000000e+05
1.592767039126987694e+00 5.886373558072134074e+03 5.833654982376219778e+03 8.048100000000000000e+05
1.599052488140243256e+00 5.890974416740161359e+03 5.838255841044247063e+03 8.176280000000000000e+05
1.605347362928585930e+00 5.895585950286795196e+03 5.842867374590880900e+03 8.192580000000000000e+05
1.611624469631112389e+00 5.875478785955827334e+03 5.822760210259913038e+03 8.265800000000000000e+05
1.617906873560414516e+00 5.884972970368688948e+03 5.832254394672774652e+03 8.332260000000000000e+05
1.624193727299755308e+00 5.850198374955687541e+03 5.797479799259773245e+03 8.401780000000000000e+05
1.630471782443348783e+00 5.846861966791324448e+03 5.794143391095410152e+03 8.448300000000000000e+05
1.636760164716084098e+00 5.828033708086524712e+03 5.775315132390610415e+03 8.551300000000000000e+05
1.643043464683600297e+00 5.838745504232913845e+03 5.786026928536999549e+03 8.575060000000000000e+05
1.649316977887778979e+00 5.813368228559127601e+03 5.760649652863213305e+03 8.644800000000000000e+05
1.655599056937107516e+00 5.801323008639057662e+03 5.748604432943143365e+03 8.738480000000000000e+05
1.661884166769115767e+00 5.796095302434295263e+03 5.743376726738380967e+03 8.783400000000000000e+05
1.668176504354522471e+00 5.791661418961723029e+03 5.738942843265808733e+03 8.889200000000000000e+05
1.674458683878514931e+00 5.775968585321900719e+03 5.723250009625986422e+03 8.893580000000000000e+05
1.680728630093367038e+00 5.777629496362772443e+03 5.724910920666858146e+03 8.981800000000000000e+05
1.687019939142594183e+00 5.756330124179414270e+03 5.703611548483499973e+03 9.095840000000000000e+05
1.693318824324689276e+00 5.741862856663229650e+03 5.689144280967315353e+03 9.136000000000000000e+05
1.699588010948696493e+00 5.738854774631119653e+03 5.686136198935205357e+03 9.141300000000000000e+05
1.705865055857039181e+00 5.742948991841116367e+03 5.690230416145202071e+03 9.300560000000000000e+05
1.712165335543606837e+00 5.724492179100653630e+03 5.671773603404739333e+03 9.342660000000000000e+05
1.718451221796237549e+00 5.718149150781070603e+03 5.665430575085156306e+03 9.398780000000000000e+05
1.724725883597690634e+00 5.693625324062621075e+03 5.640906748366706779e+03 9.443780000000000000e+05
1.731001460952539039e+00 5.689872284901635794e+03 5.637153709205721498e+03 9.535880000000000000e+05
1.737293076086154020e+00 5.690568170428241501e+03 5.637849594732327205e+03 9.640360000000000000e+05
1.743575012025098125e+00 5.680328891144962654e+03 5.627610315449048358e+03 9.634900000000000000e+05
1.749853765858601529e+00 5.679401952919689393e+03 5.626683377223775096e+03 9.778260000000000000e+05
1.756139760422475327e+00 5.654057474127905152e+03 5.601338898431990856e+03 9.793740000000000000e+05
1.762418064231706216e+00 5.646712214871262404e+03 5.593993639175348108e+03 9.891060000000000000e+05
1.768704373978918332e+00 5.637652445194295069e+03 5.584933869498380773e+03 9.968660000000000000e+05
1.774989017499519983e+00 5.643666561322716916e+03 5.590947985626802620e+03 1.001708000000000000e+06
1.781271339834514134e+00 5.607642688941991764e+03 5.554924113246077468e+03 1.011292000000000000e+06
1.787557810851539308e+00 5.617218449250000049e+03 5.564499873554085752e+03 1.016394000000000000e+06
1.793844465061326554e+00 5.608859776225474889e+03 5.556141200529560592e+03 1.026530000000000000e+06
1.800123882125254315e+00 5.606357698590440123e+03 5.553639122894525826e+03 1.028166000000000000e+06
1.806399855932671716e+00 5.573557366833599190e+03 5.520838791137684893e+03 1.039020000000000000e+06
1.812677292178102029e+00 5.567316196701798617e+03 5.514597621005884321e+03 1.044114000000000000e+06
1.818962554020154831e+00 5.567873502117346106e+03 5.515154926421431810e+03 1.055160000000000000e+06
1.825254388213496393e+00 5.546061546225367238e+03 5.493342970529452941e+03 1.061910000000000000e+06
1.831535832002544106e+00 5.552380413658530415e+03 5.499661837962616119e+03 1.065538000000000000e+06
1.837815550403961051e+00 5.535413671291261380e+03 5.482695095595347084e+03 1.075850000000000000e+06
1.844109001519104174e+00 5.511647496782912640e+03 5.458928921086998344e+03 1.085614000000000000e+06
1.850394624542057054e+00 5.506216878995409388e+03 5.453498303299495092e+03 1.087722000000000000e+06
1.856670888758223281e+00 5.498591646355335797e+03 5.445873070659421501e+03 1.096876000000000000e+06
1.862955904437998855e+00 5.504898481939560043e+03 5.452179906243645746e+03 1.105496000000000000e+06
1.869239093965251008e+00 5.489094620398691404e+03 5.436376044702777108e+03 1.111720000000000000e+06
1.875524551422873554e+00 5.490075482430876946e+03 5.437356906734962649e+03 1.121280000000000000e+06
1.881807982104247490e+00 5.469460337584964691e+03 5.416741761889050395e+03 1.125186000000000000e+06
1.888084182640285436e+00 5.456812273211008687e+03 5.404093697515094391e+03 1.134232000000000000e+06
1.894359184767357762e+00 5.450695921065766015e+03 5.397977345369851719e+03 1.139920000000000000e+06
1.900652335243679270e+00 5.444330363558448880e+03 5.391611787862534584e+03 1.156084000000000000e+06
1.906941434140952518e+00 5.422443158212995513e+03 5.369724582517081217e+03 1.153348000000000000e+06
1.913211010588978134e+00 5.418704261148710430e+03 5.365985685452796133e+03 1.163962000000000000e+06
1.919497353804973994e+00 5.410785296982602631e+03 5.358066721286688335e+03 1.175698000000000000e+06
1.925784376717101232e+00 5.406768745773655610e+03 5.354050170077741313e+03 1.178618000000000000e+06
1.932070295894139811e+00 5.371854975133741391e+03 5.319136399437827095e+03 1.191414000000000000e+06
1.938347681358776109e+00 5.378835896394613883e+03 5.326117320698699587e+03 1.190388000000000000e+06
1.944622715438230065e+00 5.382837158680564244e+03 5.330118582984649947e+03 1.205992000000000000e+06
1.950912101770938545e+00 5.355350609069287202e+03 5.302632033373372906e+03 1.212094000000000000e+06
1.957200170150135810e+00 5.358565585471397753e+03 5.305847009775483457e+03 1.220074000000000000e+06
1.963483156116985873e+00 5.336567985884456903e+03 5.283849410188542606e+03 1.226826000000000000e+06
1.969764663919415071e+00 5.333726316942069388e+03 5.281007741246155092e+03 1.234274000000000000e+06
1.976058795452903194e+00 5.325729466400151068e+03 5.273010890704236772e+03 1.248286000000000000e+06
1.982347818239277082e+00 5.317568396435314753e+03 5.264849820739400457e+03 1.247764000000000000e+06
1.988621905801704060e+00 5.309552415541399569e+03 5.256833839845485272e+03 1.258144000000000000e+06
1.994901683859673147e+00 5.291155051016544348e+03 5.238436475320630052e+03 1.266462000000000000e+06
2.001185568350352106e+00 5.300103816059437122e+03 5.247385240363522826e+03 1.274682000000000000e+06
2.007463530968069509e+00 5.277651601882127579e+03 5.224933026186213283e+03 1.281282000000000000e+06
2.013743684507833809e+00 5.259940597553551015e+03 5.207222021857636719e+03 1.290814000000000000e+06
2.020026468512655438e+00 5.259457354098150972e+03 5.206738778402236676e+03 1.298642000000000000e+06
2.026317940332479139e+00 5.244018348508950112e+03 5.191299772813035815e+03 1.310514000000000000e+06
2.032605346556254133e+00 5.226263899609332839e+03 5.173545323913418542e+03 1.313348000000000000e+06
2.038876250754864561e+00 5.226216176255874416e+03 5.173497600559960119e+03 1.320124000000000000e+06
2.045156862230546491e+00 5.220964914885796134e+03 5.168246339189881837e+03 1.333076000000000000e+06
2.051450376459333036e+00 5.200483929855240604e+03 5.147765354159326307e+03 1.342160000000000000e+06
2.057735646516794858e+00 5.209895648471758250e+03 5.157177072775843953e+03 1.346470000000000000e+06
2.064019658255301426e+00 5.181409277643231690e+03 5.128690701947317393e+03 1.357668000000000000e+06
2.070309709613492366e+00 5.175326366147029148e+03 5.122607790451114852e+03 1.365808000000000000e+06
2.076598642179291243e+00 5.173501581435043590e+03 5.120783005739129294e+03 1.373258000000000000e+06
2.082870032339927402e+00 5.156500423653020334e+03 5.103781847957106038e+03 1.375392000000000000e+06
2.089134787055322295e+00 5.147913188434782569e+03 5.095194612738868273e+03 1.386994000000000000e+06
2.095425627190938389e+00 5.138564601665229020e+03 5.085846025969314724e+03 1.402688000000000000e+06
2.101711371004562512e+00 5.127094638596421646e+03 5.074376062900507350e+03 1.402456000000000000e+06
2.107989648687532469e+00 5.118191625316553655e+03 5.065473049620639358e+03 1.415562000000000000e+06
2.114274413323816493e+00 5.111344038955337965e+03 5.058625463259423668e+03 1.423152000000000000e+06
2.120557238443375958e+00 5.102262336577260612e+03 5.049543760881346316e+03 1.430474000000000000e+06
2.126845280632974067e+00 5.097468535348809382e+03 5.044749959652895086e+03 1.442654000000000000e+06
2.133128554780450159e+00 5.090117919707304281e+03 5.037399344011389985e+03 1.446292000000000000e+06
2.139412332467919065e+00 5.072101194570262123e+03 5.019382618874347827e+03 1.458674000000000000e+06
2.145698003662099396e+00 5.065966533317122412e+03 5.013247957621208116e+03 1.465518000000000000e+06
2.151977195668531184e+00 5.049703069244348626e+03 4.996984493548434330e+03 1.471640000000000000e+06
2.158263209952423267e+00 5.043282717235970267e+03 4.990564141540055971e+03 1.486868000000000000e+06
2.164552162632372490e+00 5.028707914851808709e+03 4.975989339155894413e+03 1.490076000000000000e+06
2.170839225012531681e+00 5.009132439303606589e+03 4.956413863607692292e+03 1.502730000000000000e+06
2.177120082977427540e+00 5.010584213871958127e+03 4.957865638176043831e+03 1.505460000000000000e+06
2.183393121055990260e+00 5.002949705297763103e+03 4.950231129601848806e+03 1.515192000000000000e+06
2.189672152712972331e+00 4.993815727497838452e+03 4.941097151801924156e+03 1.527176000000000000e+06
2.195961755713628616e+00 4.993078040432287708e+03 4.940359464736373411e+03 1.536762000000000000e+06
2.202246728716700463e+00 4.964594409858258587e+03 4.911875834162344290e+03 1.542760000000000000e+06
2.208524403202436037e+00 4.975673160715863560e+03 4.922954585019949263e+03 1.550958000000000000e+06
2.214806392550185965e+00 4.945139501628586004e+03 4.892420925932671707e+03 1.562242000000000000e+06
2.221097232089587870e+00 4.954470981278353065e+03 4.901752405582438769e+03 1.573636000000000000e+06
2.227379738633999295e+00 4.940664451637567254e+03 4.887945875941652957e+03 1.575424000000000000e+06
2.233661892530534487e+00 4.930595458896214041e+03 4.877876883200299744e+03 1.591318000000000000e+06
2.239944725315571095e+00 4.919289763215625499e+03 4.866571187519711202e+03 1.593836000000000000e+06
2.246225895079906554e+00 4.909382149897477575e+03 4.856663574201563279e+03 1.608032000000000000e+06
2.252509804346050082e+00 4.900565066674888840e+03 4.847846490978974543e+03 1.613848000000000000e+06
2.258786271982848870e+00 4.888974952656690220e+03 4.836256376960775924e+03 1.621344000000000000e+06
2.265071686104545012e+00 4.884071850565121167e+03 4.831353274869206871e+03 1.636986000000000000e+06
2.271353283744287577e+00 4.872146926548288320e+03 4.819428350852374024e+03 1.637896000000000000e+06
2.277641683762936520e+00 4.860477507342103308e+03 4.807758931646189012e+03 1.657744000000000000e+06
2.283930104798850280e+00 4.859665723211051954e+03 4.806947147515137658e+03 1.657162000000000000e+06
2.290207926740317035e+00 4.833428793143728399e+03 4.780710217447814102e+03 1.669282000000000000e+06
2.296494840186173114e+00 4.828294888736715620e+03 4.775576313040801324e+03 1.681784000000000000e+06
2.302772905700670947e+00 4.830963716723094876e+03 4.778245141027180580e+03 1.681712000000000000e+06
2.309052374557129195e+00 4.823859933571654437e+03 4.771141357875740141e+03 1.701460000000000000e+06
2.315343134461879337e+00 4.816449378841975886e+03 4.763730803146061589e+03 1.706278000000000000e+06
2.321633141999085659e+00 4.796975391120524364e+03 4.744256815424610068e+03 1.719040000000000000e+06
2.327916355392010139e+00 4.781067826126259206e+03 4.728349250430344910e+03 1.722426000000000000e+06
2.334190722001127316e+00 4.771793431642774522e+03 4.719074855946860225e+03 1.731242000000000000e+06
2.340473130334892460e+00 4.759262266440404346e+03 4.706543690744490050e+03 1.746678000000000000e+06
2.346761369860457247e+00 4.757396833829093339e+03 4.704678258133179042e+03 1.752724000000000000e+06
2.353047769056515470e+00 4.755820733518115958e+03 4.703102157822201661e+03 1.764314000000000000e+06
2.359330397319757022e+00 4.726695605414574857e+03 4.673977029718660560e+03 1.770156000000000000e+06
2.365605034054369060e+00 4.727009619347852095e+03 4.674291043651937798e+03 1.777436000000000000e+06
2.371891455909768354e+00 4.715029489493898836e+03 4.662310913797984540e+03 1.797104000000000000e+06
2.378179546072414663e+00 4.712516774841543338e+03 4.659798199145629042e+03 1.796398000000000000e+06
2.384457586600779333e+00 4.703529131505119040e+03 4.650810555809204743e+03 1.810884000000000000e+06
2.390743123140302018e+00 4.687203418426845019e+03 4.634484842730930723e+03 1.819896000000000000e+06
2.397020324856477647e+00 4.681773400773030517e+03 4.629054825077116220e+03 1.824020000000000000e+06
2.403297352078177518e+00 4.672484083436993387e+03 4.619765507741079091e+03 1.840406000000000000e+06
