# # logM, Nhalos, Ncen, Nsat
1.002500000000000036e+01 0.000000000000000000e+00 0.000000000000000000e+00 0.000000000000000000e+00
1.007500000000000107e+01 0.000000000000000000e+00 0.000000000000000000e+00 0.000000000000000000e+00
1.012500000000000178e+01 0.000000000000000000e+00 0.000000000000000000e+00 0.000000000000000000e+00
1.017500000000000249e+01 0.000000000000000000e+00 0.000000000000000000e+00 0.000000000000000000e+00
1.022500000000000320e+01 0.000000000000000000e+00 0.000000000000000000e+00 0.000000000000000000e+00
1.027500000000000391e+01 0.000000000000000000e+00 0.000000000000000000e+00 0.000000000000000000e+00
1.032500000000000462e+01 0.000000000000000000e+00 0.000000000000000000e+00 0.000000000000000000e+00
1.037500000000000533e+01 0.000000000000000000e+00 0.000000000000000000e+00 0.000000000000000000e+00
1.042500000000000604e+01 0.000000000000000000e+00 0.000000000000000000e+00 0.000000000000000000e+00
1.047500000000000675e+01 0.000000000000000000e+00 0.000000000000000000e+00 0.000000000000000000e+00
1.052500000000000746e+01 0.000000000000000000e+00 0.000000000000000000e+00 0.000000000000000000e+00
1.057500000000000817e+01 0.000000000000000000e+00 0.000000000000000000e+00 0.000000000000000000e+00
1.062500000000000888e+01 0.000000000000000000e+00 0.000000000000000000e+00 0.000000000000000000e+00
1.067500000000000959e+01 0.000000000000000000e+00 0.000000000000000000e+00 0.000000000000000000e+00
1.072500000000001030e+01 0.000000000000000000e+00 0.000000000000000000e+00 0.000000000000000000e+00
1.077500000000001101e+01 0.000000000000000000e+00 0.000000000000000000e+00 0.000000000000000000e+00
1.082500000000001172e+01 0.000000000000000000e+00 0.000000000000000000e+00 0.000000000000000000e+00
1.087500000000001243e+01 0.000000000000000000e+00 0.000000000000000000e+00 0.000000000000000000e+00
1.092500000000001315e+01 0.000000000000000000e+00 0.000000000000000000e+00 0.000000000000000000e+00
1.097500000000001386e+01 0.000000000000000000e+00 0.000000000000000000e+00 0.000000000000000000e+00
1.102500000000001457e+01 0.000000000000000000e+00 0.000000000000000000e+00 0.000000000000000000e+00
1.107500000000001528e+01 0.000000000000000000e+00 0.000000000000000000e+00 0.000000000000000000e+00
1.112500000000001599e+01 0.000000000000000000e+00 0.000000000000000000e+00 0.000000000000000000e+00
1.117500000000001670e+01 0.000000000000000000e+00 0.000000000000000000e+00 0.000000000000000000e+00
1.122500000000001741e+01 0.000000000000000000e+00 0.000000000000000000e+00 0.000000000000000000e+00
1.127500000000001812e+01 0.000000000000000000e+00 0.000000000000000000e+00 0.000000000000000000e+00
1.132500000000001883e+01 1.234904000000000000e+06 2.722750000000000000e+05 0.000000000000000000e+00
1.137500000000001954e+01 1.238143000000000000e+06 3.051300000000000000e+05 0.000000000000000000e+00
1.142500000000002025e+01 1.109147000000000000e+06 2.975540000000000000e+05 0.000000000000000000e+00
1.147500000000002096e+01 9.724220000000000000e+05 2.752950000000000000e+05 0.000000000000000000e+00
1.152500000000002167e+01 1.108854000000000000e+06 3.368280000000000000e+05 0.000000000000000000e+00
1.157500000000002238e+01 9.364020000000000000e+05 3.059320000000000000e+05 0.000000000000000000e+00
1.162500000000002309e+01 9.786980000000000000e+05 3.649510000000000000e+05 0.000000000000000000e+00
1.167500000000002380e+01 9.578650000000000000e+05 3.441660000000000000e+05 0.000000000000000000e+00
1.172500000000002451e+01 7.793820000000000000e+05 2.922910000000000000e+05 0.000000000000000000e+00
1.177500000000002522e+01 7.402100000000000000e+05 3.075300000000000000e+05 0.000000000000000000e+00
1.182500000000002593e+01 6.064220000000000000e+05 2.666880000000000000e+05 0.000000000000000000e+00
1.187500000000002665e+01 6.300910000000000000e+05 2.930330000000000000e+05 0.000000000000000000e+00
1.192500000000002736e+01 5.564260000000000000e+05 2.679910000000000000e+05 0.000000000000000000e+00
1.197500000000002807e+01 4.847320000000000000e+05 2.444730000000000000e+05 1.650000000000000000e+03
1.202500000000002878e+01 4.184850000000000000e+05 2.288220000000000000e+05 6.019000000000000000e+03
1.207500000000002949e+01 3.880790000000000000e+05 2.174000000000000000e+05 1.112800000000000000e+04
1.212500000000003020e+01 3.301620000000000000e+05 1.913100000000000000e+05 1.640000000000000000e+04
1.217500000000003091e+01 2.993600000000000000e+05 1.812360000000000000e+05 2.456000000000000000e+04
1.222500000000003162e+01 2.803000000000000000e+05 1.740390000000000000e+05 3.368200000000000000e+04
1.227500000000003233e+01 2.350010000000000000e+05 1.506570000000000000e+05 4.057600000000000000e+04
1.232500000000003304e+01 2.246540000000000000e+05 1.490270000000000000e+05 5.496100000000000000e+04
1.237500000000003375e+01 1.929020000000000000e+05 1.362250000000000000e+05 7.307300000000000000e+04
1.242500000000003446e+01 1.777290000000000000e+05 1.256480000000000000e+05 8.297300000000000000e+04
1.247500000000003517e+01 1.571400000000000000e+05 1.145530000000000000e+05 9.799100000000000000e+04
1.252500000000003588e+01 1.442550000000000000e+05 1.084580000000000000e+05 1.178220000000000000e+05
1.257500000000003659e+01 1.294050000000000000e+05 9.893000000000000000e+04 1.328960000000000000e+05
1.262500000000003730e+01 1.138670000000000000e+05 8.933500000000000000e+04 1.482650000000000000e+05
1.267500000000003801e+01 1.040740000000000000e+05 8.363100000000000000e+04 1.730630000000000000e+05
1.272500000000003872e+01 9.281600000000000000e+04 7.569900000000000000e+04 1.858740000000000000e+05
1.277500000000003944e+01 8.397200000000000000e+04 7.012800000000000000e+04 2.096570000000000000e+05
1.282500000000004015e+01 7.499700000000000000e+04 6.377600000000000000e+04 2.321810000000000000e+05
1.287500000000004086e+01 6.809900000000000000e+04 5.894900000000000000e+04 2.502590000000000000e+05
1.292500000000004157e+01 6.020000000000000000e+04 5.275200000000000000e+04 2.572760000000000000e+05
1.297500000000004228e+01 5.389900000000000000e+04 4.788300000000000000e+04 2.769600000000000000e+05
1.302500000000004299e+01 4.839400000000000000e+04 4.371800000000000000e+04 3.020250000000000000e+05
1.307500000000004370e+01 4.336100000000000000e+04 3.900100000000000000e+04 2.793460000000000000e+05
1.312500000000004441e+01 3.843900000000000000e+04 3.559600000000000000e+04 3.308140000000000000e+05
1.317500000000004512e+01 3.468400000000000000e+04 3.251700000000000000e+04 3.472820000000000000e+05
1.322500000000004583e+01 3.082000000000000000e+04 2.901500000000000000e+04 3.548700000000000000e+05
1.327500000000004654e+01 2.751600000000000000e+04 2.606400000000000000e+04 3.468370000000000000e+05
1.332500000000004725e+01 2.433000000000000000e+04 2.324400000000000000e+04 3.583750000000000000e+05
1.337500000000004796e+01 2.181400000000000000e+04 2.091900000000000000e+04 3.554000000000000000e+05
1.342500000000004867e+01 1.942200000000000000e+04 1.857400000000000000e+04 3.214550000000000000e+05
1.347500000000004938e+01 1.708900000000000000e+04 1.661000000000000000e+04 3.854930000000000000e+05
1.352500000000005009e+01 1.503300000000000000e+04 1.470900000000000000e+04 3.845030000000000000e+05
1.357500000000005080e+01 1.327500000000000000e+04 1.302800000000000000e+04 3.785170000000000000e+05
1.362500000000005151e+01 1.156000000000000000e+04 1.136300000000000000e+04 3.483570000000000000e+05
1.367500000000005222e+01 1.046600000000000000e+04 1.033500000000000000e+04 3.683440000000000000e+05
1.372500000000005294e+01 8.971000000000000000e+03 8.869000000000000000e+03 3.661730000000000000e+05
1.377500000000005365e+01 7.931000000000000000e+03 7.833000000000000000e+03 2.972130000000000000e+05
1.382500000000005436e+01 6.884000000000000000e+03 6.834000000000000000e+03 3.779170000000000000e+05
1.387500000000005507e+01 5.867000000000000000e+03 5.836000000000000000e+03 3.559100000000000000e+05
1.392500000000005578e+01 5.259000000000000000e+03 5.238000000000000000e+03 3.715790000000000000e+05
1.397500000000005649e+01 4.421000000000000000e+03 4.395000000000000000e+03 3.259960000000000000e+05
1.402500000000005720e+01 3.886000000000000000e+03 3.869000000000000000e+03 3.118950000000000000e+05
1.407500000000005791e+01 3.259000000000000000e+03 3.247000000000000000e+03 3.091730000000000000e+05
1.412500000000005862e+01 2.824000000000000000e+03 2.812000000000000000e+03 2.517080000000000000e+05
1.417500000000005933e+01 2.449000000000000000e+03 2.446000000000000000e+03 3.026860000000000000e+05
1.422500000000006004e+01 2.051000000000000000e+03 2.047000000000000000e+03 2.818110000000000000e+05
1.427500000000006075e+01 1.763000000000000000e+03 1.759000000000000000e+03 2.806210000000000000e+05
1.432500000000006146e+01 1.448000000000000000e+03 1.448000000000000000e+03 2.581270000000000000e+05
1.437500000000006217e+01 1.199000000000000000e+03 1.199000000000000000e+03 2.029200000000000000e+05
1.442500000000006288e+01 9.850000000000000000e+02 9.840000000000000000e+02 2.150550000000000000e+05
1.447500000000006359e+01 8.170000000000000000e+02 8.170000000000000000e+02 1.840570000000000000e+05
1.452500000000006430e+01 0.000000000000000000e+00 0.000000000000000000e+00 0.000000000000000000e+00
1.457500000000006501e+01 0.000000000000000000e+00 0.000000000000000000e+00 0.000000000000000000e+00
1.462500000000006573e+01 0.000000000000000000e+00 0.000000000000000000e+00 0.000000000000000000e+00
1.467500000000006644e+01 0.000000000000000000e+00 0.000000000000000000e+00 0.000000000000000000e+00
1.472500000000006715e+01 0.000000000000000000e+00 0.000000000000000000e+00 0.000000000000000000e+00
1.477500000000006786e+01 0.000000000000000000e+00 0.000000000000000000e+00 0.000000000000000000e+00
1.482500000000006857e+01 0.000000000000000000e+00 0.000000000000000000e+00 0.000000000000000000e+00
1.487500000000006928e+01 0.000000000000000000e+00 0.000000000000000000e+00 0.000000000000000000e+00
1.492500000000006999e+01 0.000000000000000000e+00 0.000000000000000000e+00 0.000000000000000000e+00
1.497500000000007070e+01 0.000000000000000000e+00 0.000000000000000000e+00 0.000000000000000000e+00
1.502500000000007141e+01 0.000000000000000000e+00 0.000000000000000000e+00 0.000000000000000000e+00
