# # logM, Nhalos, Ncen, Nsat
1.002500000000000036e+01 0.000000000000000000e+00 0.000000000000000000e+00 0.000000000000000000e+00
1.007500000000000107e+01 0.000000000000000000e+00 0.000000000000000000e+00 0.000000000000000000e+00
1.012500000000000178e+01 0.000000000000000000e+00 0.000000000000000000e+00 0.000000000000000000e+00
1.017500000000000249e+01 0.000000000000000000e+00 0.000000000000000000e+00 0.000000000000000000e+00
1.022500000000000320e+01 0.000000000000000000e+00 0.000000000000000000e+00 0.000000000000000000e+00
1.027500000000000391e+01 0.000000000000000000e+00 0.000000000000000000e+00 0.000000000000000000e+00
1.032500000000000462e+01 0.000000000000000000e+00 0.000000000000000000e+00 0.000000000000000000e+00
1.037500000000000533e+01 0.000000000000000000e+00 0.000000000000000000e+00 0.000000000000000000e+00
1.042500000000000604e+01 0.000000000000000000e+00 0.000000000000000000e+00 0.000000000000000000e+00
1.047500000000000675e+01 0.000000000000000000e+00 0.000000000000000000e+00 0.000000000000000000e+00
1.052500000000000746e+01 0.000000000000000000e+00 0.000000000000000000e+00 0.000000000000000000e+00
1.057500000000000817e+01 0.000000000000000000e+00 0.000000000000000000e+00 0.000000000000000000e+00
1.062500000000000888e+01 0.000000000000000000e+00 0.000000000000000000e+00 0.000000000000000000e+00
1.067500000000000959e+01 0.000000000000000000e+00 0.000000000000000000e+00 0.000000000000000000e+00
1.072500000000001030e+01 0.000000000000000000e+00 0.000000000000000000e+00 0.000000000000000000e+00
1.077500000000001101e+01 0.000000000000000000e+00 0.000000000000000000e+00 0.000000000000000000e+00
1.082500000000001172e+01 0.000000000000000000e+00 0.000000000000000000e+00 0.000000000000000000e+00
1.087500000000001243e+01 0.000000000000000000e+00 0.000000000000000000e+00 0.000000000000000000e+00
1.092500000000001315e+01 0.000000000000000000e+00 0.000000000000000000e+00 0.000000000000000000e+00
1.097500000000001386e+01 0.000000000000000000e+00 0.000000000000000000e+00 0.000000000000000000e+00
1.102500000000001457e+01 0.000000000000000000e+00 0.000000000000000000e+00 0.000000000000000000e+00
1.107500000000001528e+01 0.000000000000000000e+00 0.000000000000000000e+00 0.000000000000000000e+00
1.112500000000001599e+01 0.000000000000000000e+00 0.000000000000000000e+00 0.000000000000000000e+00
1.117500000000001670e+01 0.000000000000000000e+00 0.000000000000000000e+00 0.000000000000000000e+00
1.122500000000001741e+01 0.000000000000000000e+00 0.000000000000000000e+00 0.000000000000000000e+00
1.127500000000001812e+01 0.000000000000000000e+00 0.000000000000000000e+00 0.000000000000000000e+00
1.132500000000001883e+01 1.234610000000000000e+06 2.551100000000000000e+05 0.000000000000000000e+00
1.137500000000001954e+01 1.237989000000000000e+06 3.102830000000000000e+05 0.000000000000000000e+00
1.142500000000002025e+01 1.109061000000000000e+06 3.272240000000000000e+05 0.000000000000000000e+00
1.147500000000002096e+01 9.723890000000000000e+05 2.578390000000000000e+05 0.000000000000000000e+00
1.152500000000002167e+01 1.108820000000000000e+06 3.406260000000000000e+05 0.000000000000000000e+00
1.157500000000002238e+01 9.363850000000000000e+05 3.309960000000000000e+05 0.000000000000000000e+00
1.162500000000002309e+01 9.786860000000000000e+05 3.214760000000000000e+05 0.000000000000000000e+00
1.167500000000002380e+01 9.578570000000000000e+05 3.612150000000000000e+05 0.000000000000000000e+00
1.172500000000002451e+01 7.793810000000000000e+05 3.306600000000000000e+05 0.000000000000000000e+00
1.177500000000002522e+01 7.402100000000000000e+05 2.975270000000000000e+05 0.000000000000000000e+00
1.182500000000002593e+01 6.064220000000000000e+05 2.700480000000000000e+05 0.000000000000000000e+00
1.187500000000002665e+01 6.300910000000000000e+05 3.072560000000000000e+05 0.000000000000000000e+00
1.192500000000002736e+01 5.564260000000000000e+05 2.703030000000000000e+05 0.000000000000000000e+00
1.197500000000002807e+01 4.847320000000000000e+05 2.503840000000000000e+05 1.671000000000000000e+03
1.202500000000002878e+01 4.184850000000000000e+05 2.331440000000000000e+05 5.671000000000000000e+03
1.207500000000002949e+01 3.880790000000000000e+05 2.155420000000000000e+05 9.969000000000000000e+03
1.212500000000003020e+01 3.301620000000000000e+05 1.916200000000000000e+05 1.534600000000000000e+04
1.217500000000003091e+01 2.993600000000000000e+05 1.866440000000000000e+05 2.334300000000000000e+04
1.222500000000003162e+01 2.803000000000000000e+05 1.789700000000000000e+05 3.252400000000000000e+04
1.227500000000003233e+01 2.350010000000000000e+05 1.525620000000000000e+05 3.823200000000000000e+04
1.232500000000003304e+01 2.246540000000000000e+05 1.532630000000000000e+05 5.418100000000000000e+04
1.237500000000003375e+01 1.929020000000000000e+05 1.357530000000000000e+05 6.444500000000000000e+04
1.242500000000003446e+01 1.777290000000000000e+05 1.271580000000000000e+05 7.689700000000000000e+04
1.247500000000003517e+01 1.571400000000000000e+05 1.160000000000000000e+05 9.083500000000000000e+04
1.252500000000003588e+01 1.442550000000000000e+05 1.096530000000000000e+05 1.096370000000000000e+05
1.257500000000003659e+01 1.294050000000000000e+05 1.001220000000000000e+05 1.280290000000000000e+05
1.262500000000003730e+01 1.138670000000000000e+05 9.006400000000000000e+04 1.390460000000000000e+05
1.267500000000003801e+01 1.040740000000000000e+05 8.403500000000000000e+04 1.604440000000000000e+05
1.272500000000003872e+01 9.281600000000000000e+04 7.638900000000000000e+04 1.796680000000000000e+05
1.277500000000003944e+01 8.397200000000000000e+04 7.047600000000000000e+04 2.006360000000000000e+05
1.282500000000004015e+01 7.499700000000000000e+04 6.367600000000000000e+04 2.102800000000000000e+05
1.287500000000004086e+01 6.809900000000000000e+04 5.884600000000000000e+04 2.336440000000000000e+05
1.292500000000004157e+01 6.020000000000000000e+04 5.315900000000000000e+04 2.611240000000000000e+05
1.297500000000004228e+01 5.389900000000000000e+04 4.786900000000000000e+04 2.616090000000000000e+05
1.302500000000004299e+01 4.839400000000000000e+04 4.333200000000000000e+04 2.593660000000000000e+05
1.307500000000004370e+01 4.336100000000000000e+04 3.973800000000000000e+04 3.130720000000000000e+05
1.312500000000004441e+01 3.843900000000000000e+04 3.538900000000000000e+04 3.099420000000000000e+05
1.317500000000004512e+01 3.468400000000000000e+04 3.217100000000000000e+04 2.987600000000000000e+05
1.322500000000004583e+01 3.082000000000000000e+04 2.891800000000000000e+04 3.217580000000000000e+05
1.327500000000004654e+01 2.751600000000000000e+04 2.607200000000000000e+04 3.476260000000000000e+05
1.332500000000004725e+01 2.433000000000000000e+04 2.317200000000000000e+04 3.321500000000000000e+05
1.337500000000004796e+01 2.181400000000000000e+04 2.091200000000000000e+04 3.168170000000000000e+05
1.342500000000004867e+01 1.942200000000000000e+04 1.879000000000000000e+04 3.672000000000000000e+05
1.347500000000004938e+01 1.708900000000000000e+04 1.657000000000000000e+04 3.596760000000000000e+05
1.352500000000005009e+01 1.503300000000000000e+04 1.460700000000000000e+04 3.298410000000000000e+05
1.357500000000005080e+01 1.327500000000000000e+04 1.294100000000000000e+04 3.466420000000000000e+05
1.362500000000005151e+01 1.156000000000000000e+04 1.135800000000000000e+04 3.633670000000000000e+05
1.367500000000005222e+01 1.046600000000000000e+04 1.029700000000000000e+04 3.401500000000000000e+05
1.372500000000005294e+01 8.971000000000000000e+03 8.848000000000000000e+03 3.214560000000000000e+05
1.377500000000005365e+01 7.931000000000000000e+03 7.848000000000000000e+03 3.655070000000000000e+05
1.382500000000005436e+01 6.884000000000000000e+03 6.831000000000000000e+03 3.390680000000000000e+05
1.387500000000005507e+01 5.867000000000000000e+03 5.816000000000000000e+03 3.121670000000000000e+05
1.392500000000005578e+01 5.259000000000000000e+03 5.226000000000000000e+03 2.843100000000000000e+05
1.397500000000005649e+01 4.421000000000000000e+03 4.398000000000000000e+03 3.263140000000000000e+05
1.402500000000005720e+01 3.886000000000000000e+03 3.858000000000000000e+03 2.985410000000000000e+05
1.407500000000005791e+01 3.259000000000000000e+03 3.245000000000000000e+03 2.602840000000000000e+05
1.412500000000005862e+01 2.824000000000000000e+03 2.819000000000000000e+03 2.696860000000000000e+05
1.417500000000005933e+01 2.449000000000000000e+03 2.445000000000000000e+03 2.727580000000000000e+05
1.422500000000006004e+01 2.051000000000000000e+03 2.045000000000000000e+03 2.604650000000000000e+05
1.427500000000006075e+01 1.763000000000000000e+03 1.760000000000000000e+03 2.285130000000000000e+05
1.432500000000006146e+01 1.448000000000000000e+03 1.447000000000000000e+03 2.362210000000000000e+05
1.437500000000006217e+01 1.199000000000000000e+03 1.199000000000000000e+03 2.164320000000000000e+05
1.442500000000006288e+01 9.850000000000000000e+02 9.850000000000000000e+02 1.929810000000000000e+05
1.447500000000006359e+01 8.170000000000000000e+02 8.170000000000000000e+02 1.706710000000000000e+05
1.452500000000006430e+01 0.000000000000000000e+00 0.000000000000000000e+00 0.000000000000000000e+00
1.457500000000006501e+01 0.000000000000000000e+00 0.000000000000000000e+00 0.000000000000000000e+00
1.462500000000006573e+01 0.000000000000000000e+00 0.000000000000000000e+00 0.000000000000000000e+00
1.467500000000006644e+01 0.000000000000000000e+00 0.000000000000000000e+00 0.000000000000000000e+00
1.472500000000006715e+01 0.000000000000000000e+00 0.000000000000000000e+00 0.000000000000000000e+00
1.477500000000006786e+01 0.000000000000000000e+00 0.000000000000000000e+00 0.000000000000000000e+00
1.482500000000006857e+01 0.000000000000000000e+00 0.000000000000000000e+00 0.000000000000000000e+00
1.487500000000006928e+01 0.000000000000000000e+00 0.000000000000000000e+00 0.000000000000000000e+00
1.492500000000006999e+01 0.000000000000000000e+00 0.000000000000000000e+00 0.000000000000000000e+00
1.497500000000007070e+01 0.000000000000000000e+00 0.000000000000000000e+00 0.000000000000000000e+00
1.502500000000007141e+01 0.000000000000000000e+00 0.000000000000000000e+00 0.000000000000000000e+00
