# # logM, Nhalos, Ncen, Nsat
1.002500000000000036e+01 0.000000000000000000e+00 0.000000000000000000e+00 0.000000000000000000e+00
1.007500000000000107e+01 0.000000000000000000e+00 0.000000000000000000e+00 0.000000000000000000e+00
1.012500000000000178e+01 0.000000000000000000e+00 0.000000000000000000e+00 0.000000000000000000e+00
1.017500000000000249e+01 0.000000000000000000e+00 0.000000000000000000e+00 0.000000000000000000e+00
1.022500000000000320e+01 0.000000000000000000e+00 0.000000000000000000e+00 0.000000000000000000e+00
1.027500000000000391e+01 0.000000000000000000e+00 0.000000000000000000e+00 0.000000000000000000e+00
1.032500000000000462e+01 0.000000000000000000e+00 0.000000000000000000e+00 0.000000000000000000e+00
1.037500000000000533e+01 0.000000000000000000e+00 0.000000000000000000e+00 0.000000000000000000e+00
1.042500000000000604e+01 0.000000000000000000e+00 0.000000000000000000e+00 0.000000000000000000e+00
1.047500000000000675e+01 0.000000000000000000e+00 0.000000000000000000e+00 0.000000000000000000e+00
1.052500000000000746e+01 0.000000000000000000e+00 0.000000000000000000e+00 0.000000000000000000e+00
1.057500000000000817e+01 0.000000000000000000e+00 0.000000000000000000e+00 0.000000000000000000e+00
1.062500000000000888e+01 0.000000000000000000e+00 0.000000000000000000e+00 0.000000000000000000e+00
1.067500000000000959e+01 0.000000000000000000e+00 0.000000000000000000e+00 0.000000000000000000e+00
1.072500000000001030e+01 0.000000000000000000e+00 0.000000000000000000e+00 0.000000000000000000e+00
1.077500000000001101e+01 0.000000000000000000e+00 0.000000000000000000e+00 0.000000000000000000e+00
1.082500000000001172e+01 0.000000000000000000e+00 0.000000000000000000e+00 0.000000000000000000e+00
1.087500000000001243e+01 0.000000000000000000e+00 0.000000000000000000e+00 0.000000000000000000e+00
1.092500000000001315e+01 0.000000000000000000e+00 0.000000000000000000e+00 0.000000000000000000e+00
1.097500000000001386e+01 0.000000000000000000e+00 0.000000000000000000e+00 0.000000000000000000e+00
1.102500000000001457e+01 0.000000000000000000e+00 0.000000000000000000e+00 0.000000000000000000e+00
1.107500000000001528e+01 0.000000000000000000e+00 0.000000000000000000e+00 0.000000000000000000e+00
1.112500000000001599e+01 0.000000000000000000e+00 0.000000000000000000e+00 0.000000000000000000e+00
1.117500000000001670e+01 0.000000000000000000e+00 0.000000000000000000e+00 0.000000000000000000e+00
1.122500000000001741e+01 0.000000000000000000e+00 0.000000000000000000e+00 0.000000000000000000e+00
1.127500000000001812e+01 0.000000000000000000e+00 0.000000000000000000e+00 0.000000000000000000e+00
1.132500000000001883e+01 1.234904000000000000e+06 2.790250000000000000e+05 0.000000000000000000e+00
1.137500000000001954e+01 1.238143000000000000e+06 3.023610000000000000e+05 0.000000000000000000e+00
1.142500000000002025e+01 1.109147000000000000e+06 2.914160000000000000e+05 0.000000000000000000e+00
1.147500000000002096e+01 9.724220000000000000e+05 2.781680000000000000e+05 0.000000000000000000e+00
1.152500000000002167e+01 1.108854000000000000e+06 3.371020000000000000e+05 0.000000000000000000e+00
1.157500000000002238e+01 9.364020000000000000e+05 3.038580000000000000e+05 0.000000000000000000e+00
1.162500000000002309e+01 9.786980000000000000e+05 3.138490000000000000e+05 0.000000000000000000e+00
1.167500000000002380e+01 9.578650000000000000e+05 3.680520000000000000e+05 0.000000000000000000e+00
1.172500000000002451e+01 7.793820000000000000e+05 3.235990000000000000e+05 0.000000000000000000e+00
1.177500000000002522e+01 7.402100000000000000e+05 3.116000000000000000e+05 0.000000000000000000e+00
1.182500000000002593e+01 6.064220000000000000e+05 2.679490000000000000e+05 0.000000000000000000e+00
1.187500000000002665e+01 6.300910000000000000e+05 2.913410000000000000e+05 0.000000000000000000e+00
1.192500000000002736e+01 5.564260000000000000e+05 2.751260000000000000e+05 0.000000000000000000e+00
1.197500000000002807e+01 4.847320000000000000e+05 2.517450000000000000e+05 1.780000000000000000e+03
1.202500000000002878e+01 4.184850000000000000e+05 2.191840000000000000e+05 5.037000000000000000e+03
1.207500000000002949e+01 3.880790000000000000e+05 2.156180000000000000e+05 1.106800000000000000e+04
1.212500000000003020e+01 3.301620000000000000e+05 1.923230000000000000e+05 1.677900000000000000e+04
1.217500000000003091e+01 2.993600000000000000e+05 1.798420000000000000e+05 2.383500000000000000e+04
1.222500000000003162e+01 2.803000000000000000e+05 1.760170000000000000e+05 3.457400000000000000e+04
1.227500000000003233e+01 2.350010000000000000e+05 1.531660000000000000e+05 4.281700000000000000e+04
1.232500000000003304e+01 2.246540000000000000e+05 1.514710000000000000e+05 5.748300000000000000e+04
1.237500000000003375e+01 1.929020000000000000e+05 1.294890000000000000e+05 6.092300000000000000e+04
1.242500000000003446e+01 1.777290000000000000e+05 1.261910000000000000e+05 8.356100000000000000e+04
1.247500000000003517e+01 1.571400000000000000e+05 1.143940000000000000e+05 9.723800000000000000e+04
1.252500000000003588e+01 1.442550000000000000e+05 1.076040000000000000e+05 1.149470000000000000e+05
1.257500000000003659e+01 1.294050000000000000e+05 9.936000000000000000e+04 1.360460000000000000e+05
1.262500000000003730e+01 1.138670000000000000e+05 8.967900000000000000e+04 1.480290000000000000e+05
1.267500000000003801e+01 1.040740000000000000e+05 8.343100000000000000e+04 1.670150000000000000e+05
1.272500000000003872e+01 9.281600000000000000e+04 7.627600000000000000e+04 1.913220000000000000e+05
1.277500000000003944e+01 8.397200000000000000e+04 7.016700000000000000e+04 2.080830000000000000e+05
1.282500000000004015e+01 7.499700000000000000e+04 6.352900000000000000e+04 2.217520000000000000e+05
1.287500000000004086e+01 6.809900000000000000e+04 5.867700000000000000e+04 2.400380000000000000e+05
1.292500000000004157e+01 6.020000000000000000e+04 5.280900000000000000e+04 2.621640000000000000e+05
1.297500000000004228e+01 5.389900000000000000e+04 4.791500000000000000e+04 2.767450000000000000e+05
1.302500000000004299e+01 4.839400000000000000e+04 4.339600000000000000e+04 2.864050000000000000e+05
1.307500000000004370e+01 4.336100000000000000e+04 3.996100000000000000e+04 3.416220000000000000e+05
1.312500000000004441e+01 3.843900000000000000e+04 3.524600000000000000e+04 3.014540000000000000e+05
1.317500000000004512e+01 3.468400000000000000e+04 3.220000000000000000e+04 3.108970000000000000e+05
1.322500000000004583e+01 3.082000000000000000e+04 2.880100000000000000e+04 3.316500000000000000e+05
1.327500000000004654e+01 2.751600000000000000e+04 2.601800000000000000e+04 3.502780000000000000e+05
1.332500000000004725e+01 2.433000000000000000e+04 2.316300000000000000e+04 3.453800000000000000e+05
1.337500000000004796e+01 2.181400000000000000e+04 2.096100000000000000e+04 3.615400000000000000e+05
1.342500000000004867e+01 1.942200000000000000e+04 1.883400000000000000e+04 4.298640000000000000e+05
1.347500000000004938e+01 1.708900000000000000e+04 1.657000000000000000e+04 3.388350000000000000e+05
1.352500000000005009e+01 1.503300000000000000e+04 1.461500000000000000e+04 3.374830000000000000e+05
1.357500000000005080e+01 1.327500000000000000e+04 1.298200000000000000e+04 3.383530000000000000e+05
1.362500000000005151e+01 1.156000000000000000e+04 1.135900000000000000e+04 3.594180000000000000e+05
1.367500000000005222e+01 1.046600000000000000e+04 1.029600000000000000e+04 3.694190000000000000e+05
1.372500000000005294e+01 8.971000000000000000e+03 8.846000000000000000e+03 3.378430000000000000e+05
1.377500000000005365e+01 7.931000000000000000e+03 7.876000000000000000e+03 4.359460000000000000e+05
1.382500000000005436e+01 6.884000000000000000e+03 6.821000000000000000e+03 3.228540000000000000e+05
1.387500000000005507e+01 5.867000000000000000e+03 5.815000000000000000e+03 2.964710000000000000e+05
1.392500000000005578e+01 5.259000000000000000e+03 5.220000000000000000e+03 3.087260000000000000e+05
1.397500000000005649e+01 4.421000000000000000e+03 4.399000000000000000e+03 3.304460000000000000e+05
1.402500000000005720e+01 3.886000000000000000e+03 3.865000000000000000e+03 3.252080000000000000e+05
1.407500000000005791e+01 3.259000000000000000e+03 3.252000000000000000e+03 2.851580000000000000e+05
1.412500000000005862e+01 2.824000000000000000e+03 2.821000000000000000e+03 3.419670000000000000e+05
1.417500000000005933e+01 2.449000000000000000e+03 2.443000000000000000e+03 2.672670000000000000e+05
1.422500000000006004e+01 2.051000000000000000e+03 2.051000000000000000e+03 2.652890000000000000e+05
1.427500000000006075e+01 1.763000000000000000e+03 1.762000000000000000e+03 2.450730000000000000e+05
1.432500000000006146e+01 1.448000000000000000e+03 1.447000000000000000e+03 2.419580000000000000e+05
1.437500000000006217e+01 1.199000000000000000e+03 1.198000000000000000e+03 2.400530000000000000e+05
1.442500000000006288e+01 9.850000000000000000e+02 9.850000000000000000e+02 1.824950000000000000e+05
1.447500000000006359e+01 8.170000000000000000e+02 8.170000000000000000e+02 1.794910000000000000e+05
1.452500000000006430e+01 0.000000000000000000e+00 0.000000000000000000e+00 0.000000000000000000e+00
1.457500000000006501e+01 0.000000000000000000e+00 0.000000000000000000e+00 0.000000000000000000e+00
1.462500000000006573e+01 0.000000000000000000e+00 0.000000000000000000e+00 0.000000000000000000e+00
1.467500000000006644e+01 0.000000000000000000e+00 0.000000000000000000e+00 0.000000000000000000e+00
1.472500000000006715e+01 0.000000000000000000e+00 0.000000000000000000e+00 0.000000000000000000e+00
1.477500000000006786e+01 0.000000000000000000e+00 0.000000000000000000e+00 0.000000000000000000e+00
1.482500000000006857e+01 0.000000000000000000e+00 0.000000000000000000e+00 0.000000000000000000e+00
1.487500000000006928e+01 0.000000000000000000e+00 0.000000000000000000e+00 0.000000000000000000e+00
1.492500000000006999e+01 0.000000000000000000e+00 0.000000000000000000e+00 0.000000000000000000e+00
1.497500000000007070e+01 0.000000000000000000e+00 0.000000000000000000e+00 0.000000000000000000e+00
1.502500000000007141e+01 0.000000000000000000e+00 0.000000000000000000e+00 0.000000000000000000e+00
