# # k, P(k),P(k)-shotnoise, Nmodes
8.899641224696953554e-03 1.183981032512394813e+04 1.169668576424799176e+04 2.600000000000000000e+01
1.507912216506558135e-02 1.251741758413480966e+04 1.237429302325885328e+04 6.600000000000000000e+01
2.144790186456837014e-02 1.214434609907861159e+04 1.200122153820265521e+04 1.580000000000000000e+02
2.792609073416789378e-02 1.170407494113632856e+04 1.156095038026037219e+04 2.400000000000000000e+02
3.439458802618463457e-02 9.633535678089425346e+03 9.490411117213468970e+03 4.040000000000000000e+02
4.063552503253392567e-02 7.687883622918287983e+03 7.544759062042331607e+03 4.920000000000000000e+02
4.685273545737825979e-02 7.131883071390783698e+03 6.988758510514827321e+03 7.160000000000000000e+02
5.308225101765943338e-02 6.407294317959390355e+03 6.264169757083433979e+03 8.660000000000000000e+02
5.947086026992840641e-02 5.783777845191338201e+03 5.640653284315381825e+03 1.176000000000000000e+03
6.579000890571343185e-02 5.366300211338540976e+03 5.223175650462584599e+03 1.358000000000000000e+03
7.197688940286899040e-02 4.991432884680703864e+03 4.848308323804747488e+03 1.620000000000000000e+03
7.827860915688306109e-02 4.571649752060155151e+03 4.428525191184198775e+03 1.970000000000000000e+03
8.473402853143152669e-02 4.160846715690012388e+03 4.017722154814055557e+03 2.388000000000000000e+03
9.114995057719250948e-02 3.600283929974155399e+03 3.457159369098198567e+03 2.642000000000000000e+03
9.733441570868076043e-02 3.156223209223846879e+03 3.013098648347890048e+03 2.948000000000000000e+03
1.034823507189909925e-01 2.997288947733707118e+03 2.854164386857750287e+03 3.312000000000000000e+03
1.097621497737264751e-01 2.727988335852173805e+03 2.584863774976216973e+03 3.920000000000000000e+03
1.161502569114246236e-01 2.644004191130192794e+03 2.500879630254235963e+03 4.368000000000000000e+03
1.224511299792719610e-01 2.499268361802822710e+03 2.356143800926865879e+03 4.706000000000000000e+03
1.287146397216415161e-01 2.378216315335659147e+03 2.235091754459702315e+03 5.312000000000000000e+03
1.349787624209431713e-01 2.252808001316360787e+03 2.109683440440403956e+03 5.712000000000000000e+03
1.412227094847550990e-01 2.057817468160035787e+03 1.914692907284079183e+03 6.380000000000000000e+03
1.475340300674937433e-01 1.936330938117377400e+03 1.793206377241420796e+03 6.966000000000000000e+03
1.538209950420127425e-01 1.810240280370298024e+03 1.667115719494341420e+03 7.448000000000000000e+03
1.600939799861342827e-01 1.685007242534973784e+03 1.541882681659017180e+03 8.252000000000000000e+03
1.664990542498203663e-01 1.620077926145823994e+03 1.476953365269867390e+03 9.032000000000000000e+03
1.728174132941030505e-01 1.555824602157195386e+03 1.412700041281238782e+03 9.454000000000000000e+03
1.789853057753862942e-01 1.479388738715653062e+03 1.336264177839696458e+03 9.842000000000000000e+03
1.852733873177464519e-01 1.412469268509568110e+03 1.269344707633611506e+03 1.128200000000000000e+04
1.915389716053957636e-01 1.324199746948600023e+03 1.181075186072643419e+03 1.131800000000000000e+04
1.978093968968032412e-01 1.285166803500016385e+03 1.142042242624059782e+03 1.268400000000000000e+04
2.041363739541903199e-01 1.243581773296382835e+03 1.100457212420426231e+03 1.328000000000000000e+04
2.104329801156032687e-01 1.172071459088445863e+03 1.028946898212489259e+03 1.408200000000000000e+04
2.167445339963977868e-01 1.129169778218767533e+03 9.860452173428109290e+02 1.513400000000000000e+04
2.230182219099299812e-01 1.083562125973979846e+03 9.404375650980232422e+02 1.561200000000000000e+04
2.292666160073620063e-01 1.033245677832061574e+03 8.901211169561049701e+02 1.673000000000000000e+04
2.355414553524693422e-01 9.919653470663002963e+02 8.488407861903435787e+02 1.765200000000000000e+04
2.418784335992887613e-01 9.651627237118326548e+02 8.220381628358759372e+02 1.889000000000000000e+04
2.481481271052154158e-01 9.201292524221219082e+02 7.770046915461653043e+02 1.929800000000000000e+04
2.543650879168818379e-01 8.953115249412837784e+02 7.521869640653271745e+02 2.047000000000000000e+04
2.606536864982170187e-01 8.636397707963583343e+02 7.205152099204017304e+02 2.174800000000000000e+04
2.669516384221341521e-01 8.406643733611660991e+02 6.975398124852094952e+02 2.269000000000000000e+04
2.732605699623428253e-01 8.172786844898744221e+02 6.741541236139178181e+02 2.392000000000000000e+04
2.796050098145749785e-01 7.839492436261153898e+02 6.408246827501586722e+02 2.524600000000000000e+04
2.858914879318384394e-01 7.623925637103143345e+02 6.192680028343577305e+02 2.568400000000000000e+04
2.920995948224677785e-01 7.428176633264032489e+02 5.996931024504465313e+02 2.681600000000000000e+04
2.983507476243664192e-01 7.390184129067873755e+02 5.958938520308306579e+02 2.844000000000000000e+04
3.046505408519667446e-01 7.038241876577261564e+02 5.606996267817694388e+02 2.953800000000000000e+04
3.109471038444538982e-01 6.886166956503050187e+02 5.454921347743484148e+02 3.094400000000000000e+04
3.172476750734718465e-01 6.731899751330454365e+02 5.300654142570888325e+02 3.198000000000000000e+04
3.235400448401911655e-01 6.587139118823057515e+02 5.155893510063490339e+02 3.352600000000000000e+04
3.298240459879566155e-01 6.420114153335481433e+02 4.988868544575914825e+02 3.446400000000000000e+04
3.361484519828671913e-01 6.166088432712740541e+02 4.734842823953173934e+02 3.651400000000000000e+04
3.424245328606954630e-01 6.108171163986540932e+02 4.676925555226974325e+02 3.675800000000000000e+04
3.486779824429606656e-01 6.004375515074286795e+02 4.573129906314720188e+02 3.881000000000000000e+04
3.549863988041813134e-01 5.887586586821731771e+02 4.456340978062165163e+02 4.041000000000000000e+04
3.612333738091870750e-01 5.756787380380552577e+02 4.325541771620985969e+02 4.071400000000000000e+04
3.675042092955584372e-01 5.601568753866323505e+02 4.170323145106756897e+02 4.367000000000000000e+04
3.737994570270907757e-01 5.524888265018081484e+02 4.093642656258514876e+02 4.398600000000000000e+04
3.800864636623462745e-01 5.382973699693060325e+02 3.951728090933493718e+02 4.642800000000000000e+04
3.863718149601460539e-01 5.290868394178270364e+02 3.859622785418703756e+02 4.723600000000000000e+04
3.926652062093009543e-01 5.182760631575868047e+02 3.751515022816301439e+02 4.938600000000000000e+04
3.989690954083237040e-01 5.063277736862301595e+02 3.632032128102734987e+02 5.079600000000000000e+04
4.052314429539636831e-01 4.966524528745075031e+02 3.535278919985508423e+02 5.174000000000000000e+04
4.115238727386639761e-01 4.882137736210276557e+02 3.450892127450709950e+02 5.460200000000000000e+04
4.178033403078543762e-01 4.802750122142272176e+02 3.371504513382705568e+02 5.484400000000000000e+04
4.240515472996450597e-01 4.739888099643030728e+02 3.308642490883464120e+02 5.723200000000000000e+04
4.303677505012359350e-01 4.706780557991898490e+02 3.275534949232331883e+02 5.964800000000000000e+04
4.366726307806358953e-01 4.588933399724913329e+02 3.157687790965346721e+02 6.038400000000000000e+04
4.429228297480427012e-01 4.576980549543328607e+02 3.145734940783761999e+02 6.217000000000000000e+04
4.491736915552866916e-01 4.491155280489504662e+02 3.059909671729938054e+02 6.383200000000000000e+04
4.554569188183393291e-01 4.387288687963587677e+02 2.956043079204021069e+02 6.627200000000000000e+04
4.617788911268420060e-01 4.346438944942065064e+02 2.915193336182498456e+02 6.860400000000000000e+04
4.680995906845802912e-01 4.249880647751282368e+02 2.818635038991715760e+02 6.982400000000000000e+04
4.743866829976556287e-01 4.167025410161726882e+02 2.735779801402160274e+02 7.159800000000000000e+04
4.806701266904181979e-01 4.136875456416761949e+02 2.705629847657195342e+02 7.363400000000000000e+04
4.869464029839004060e-01 4.092401789279705326e+02 2.661156180520138719e+02 7.514600000000000000e+04
4.932051255392171929e-01 4.018002925876984932e+02 2.586757317117418324e+02 7.732800000000000000e+04
4.994696626648479909e-01 3.970548888243669126e+02 2.539303279484102518e+02 7.884800000000000000e+04
5.057193073175597631e-01 3.900262624249511987e+02 2.469017015489945379e+02 8.116400000000000000e+04
5.119989495044070527e-01 3.890503755663610832e+02 2.459258146904044224e+02 8.364400000000000000e+04
5.183159826466314790e-01 3.828023072718679600e+02 2.396777463959112993e+02 8.615600000000000000e+04
5.246107092885408107e-01 3.768299506873031532e+02 2.337053898113464925e+02 8.741000000000000000e+04
5.308819677746196009e-01 3.706343043489508204e+02 2.275097434729941597e+02 8.933800000000000000e+04
5.371663275127862569e-01 3.659025123013877874e+02 2.227779514254311266e+02 9.246200000000000000e+04
5.434900758720350167e-01 3.646678542157482070e+02 2.215432933397915463e+02 9.450400000000000000e+04
5.497699542502575420e-01 3.580131712989954167e+02 2.148886104230387559e+02 9.565800000000000000e+04
5.560083363989032357e-01 3.555204941074961766e+02 2.123959332315395159e+02 9.759800000000000000e+04
5.623114537777685884e-01 3.497952665678945436e+02 2.066707056919378829e+02 1.019620000000000000e+05
5.686318313430648308e-01 3.481019326959130353e+02 2.049773718199563746e+02 1.029860000000000000e+05
5.748997298340194906e-01 3.437123295971152857e+02 2.005877687211586249e+02 1.044280000000000000e+05
5.811784316152807106e-01 3.391510057903626034e+02 1.960264449144059427e+02 1.082760000000000000e+05
5.874623501555152894e-01 3.379975111759860056e+02 1.948729503000293448e+02 1.091300000000000000e+05
5.937358705487374433e-01 3.333563094109794633e+02 1.902317485350228026e+02 1.124920000000000000e+05
6.000132321575981642e-01 3.329499116200701678e+02 1.898253507441135071e+02 1.142380000000000000e+05
6.062764279011477742e-01 3.301339668651818329e+02 1.870094059892251721e+02 1.165200000000000000e+05
6.125579126729602253e-01 3.262225645042924498e+02 1.830980036283357890e+02 1.198680000000000000e+05
6.188758883571132685e-01 3.224537635388989543e+02 1.793292026629422935e+02 1.227600000000000000e+05
6.251574688191492424e-01 3.190318024585538978e+02 1.759072415825972371e+02 1.235740000000000000e+05
6.314078328527679140e-01 3.172156367914692510e+02 1.740910759155125902e+02 1.265060000000000000e+05
6.377090179731219610e-01 3.131988324654444682e+02 1.700742715894878074e+02 1.303720000000000000e+05
6.440064460832264359e-01 3.116774283945154025e+02 1.685528675185587417e+02 1.318120000000000000e+05
6.502830651582106603e-01 3.075429142760017953e+02 1.644183534000451345e+02 1.344920000000000000e+05
6.565805265356863263e-01 3.087217253497261709e+02 1.655971644737695101e+02 1.379620000000000000e+05
6.628599596871522781e-01 3.023601166176351853e+02 1.592355557416785246e+02 1.390120000000000000e+05
6.691298853551562731e-01 3.004490556219341215e+02 1.573244947459774608e+02 1.425480000000000000e+05
6.754222718254296876e-01 2.992735085650921292e+02 1.561489476891354684e+02 1.458880000000000000e+05
6.816939054591842906e-01 2.967297758323202856e+02 1.536052149563636249e+02 1.465620000000000000e+05
6.879709791718701117e-01 2.957483911220268169e+02 1.526238302460701561e+02 1.517500000000000000e+05
6.942614105711022443e-01 2.921678390091262258e+02 1.490432781331695651e+02 1.526260000000000000e+05
7.005365424756659909e-01 2.880486934173006262e+02 1.449241325413439654e+02 1.565860000000000000e+05
7.068233029523925959e-01 2.883054256318425246e+02 1.451808647558858638e+02 1.590780000000000000e+05
7.131225830129004351e-01 2.851517209062496931e+02 1.420271600302930324e+02 1.622900000000000000e+05
7.194106404935602939e-01 2.833161348932366081e+02 1.401915740172799474e+02 1.647700000000000000e+05
7.256916467573152341e-01 2.820109096959737371e+02 1.388863488200170764e+02 1.674660000000000000e+05
7.319862263035085137e-01 2.794798616653696968e+02 1.363553007894130360e+02 1.713680000000000000e+05
7.382778109483263407e-01 2.785671032452510758e+02 1.354425423692944150e+02 1.730960000000000000e+05
7.445474719729404667e-01 2.755442716665139073e+02 1.324197107905572466e+02 1.760120000000000000e+05
7.508031991267573035e-01 2.714625614700140659e+02 1.283380005940574051e+02 1.785720000000000000e+05
7.570835243855718044e-01 2.696077244720899557e+02 1.264831635961332950e+02 1.828740000000000000e+05
7.633725915964089115e-01 2.709679739961355835e+02 1.278434131201789228e+02 1.855560000000000000e+05
7.696559165320593365e-01 2.671782157291472686e+02 1.240536548531906078e+02 1.883800000000000000e+05
7.759472068200509165e-01 2.664050189522299661e+02 1.232804580762733053e+02 1.923620000000000000e+05
7.822420857509159164e-01 2.653043484304026833e+02 1.221797875544460226e+02 1.948920000000000000e+05
7.885501419914293653e-01 2.637342957424903602e+02 1.206097348665336995e+02 1.992240000000000000e+05
7.948038474963337041e-01 2.614264802390480895e+02 1.183019193630914287e+02 1.980620000000000000e+05
8.010520907109800470e-01 2.610268198388242809e+02 1.179022589628676201e+02 2.048760000000000000e+05
8.073556460726576400e-01 2.602161828795359497e+02 1.170916220035792890e+02 2.082080000000000000e+05
8.136472652876408640e-01 2.579338592481630030e+02 1.148092983722063423e+02 2.106380000000000000e+05
8.199328051877485812e-01 2.580890638995899735e+02 1.149645030236333128e+02 2.141460000000000000e+05
8.262092250684122119e-01 2.557723866969418225e+02 1.126478258209851617e+02 2.167700000000000000e+05
8.325052758042271739e-01 2.522341720841761799e+02 1.091096112082195191e+02 2.218980000000000000e+05
8.388116654351844836e-01 2.522433747326626872e+02 1.091188138567060264e+02 2.244000000000000000e+05
8.450849103364239667e-01 2.514188871703461814e+02 1.082943262943895206e+02 2.263060000000000000e+05
8.513462727474617742e-01 2.494337355541793215e+02 1.063091746782226608e+02 2.298240000000000000e+05
8.576284146508676987e-01 2.487708851556469369e+02 1.056463242796902762e+02 2.351900000000000000e+05
8.639203271423162578e-01 2.467188120442227444e+02 1.035942511682660836e+02 2.369960000000000000e+05
8.702001278720664645e-01 2.463279697302152726e+02 1.032034088542586119e+02 2.415680000000000000e+05
8.764772930847268828e-01 2.446744032402705500e+02 1.015498423643138892e+02 2.433340000000000000e+05
8.827715178895144676e-01 2.433698733722896179e+02 1.002453124963329572e+02 2.500580000000000000e+05
8.890536686845070813e-01 2.421168796821189630e+02 9.899231880616230228e+01 2.498260000000000000e+05
8.953222746762443673e-01 2.409461921067493790e+02 9.782163123079271827e+01 2.554020000000000000e+05
9.016064535102598088e-01 2.400639188204130221e+02 9.693935794445636134e+01 2.588880000000000000e+05
9.078934899700541461e-01 2.380556055422497082e+02 9.493104466629304738e+01 2.622400000000000000e+05
9.141879395382898066e-01 2.379693174631734394e+02 9.484475658721677860e+01 2.673220000000000000e+05
9.204870069999977478e-01 2.372508910154746218e+02 9.412633013951796102e+01 2.697820000000000000e+05
9.267634485314798498e-01 2.364676089396809004e+02 9.334304806372423968e+01 2.725480000000000000e+05
9.330398908859652840e-01 2.349124485131042093e+02 9.178788763714754850e+01 2.775220000000000000e+05
9.393419790538620751e-01 2.335749794850722196e+02 9.045041860911555887e+01 2.819920000000000000e+05
9.456138811139273015e-01 2.323106271941290117e+02 8.918606631817235098e+01 2.827100000000000000e+05
9.518752143586322045e-01 2.305373226029910256e+02 8.741276172703436487e+01 2.881620000000000000e+05
9.581565932480536896e-01 2.305496922193989917e+02 8.742513134344233094e+01 2.922500000000000000e+05
9.644556692432024736e-01 2.305592508327980568e+02 8.743468995684139600e+01 2.976780000000000000e+05
9.707473583964632002e-01 2.289211534642736297e+02 8.579659258831696889e+01 2.990500000000000000e+05
9.770167227541187716e-01 2.278427856846882946e+02 8.471822480873163386e+01 3.035940000000000000e+05
9.832935359933105968e-01 2.266621890392987098e+02 8.353762816334204899e+01 3.072180000000000000e+05
9.895688562506220753e-01 2.253258519775876891e+02 8.220129110163102837e+01 3.115520000000000000e+05
9.958591531227547478e-01 2.259130303413384127e+02 8.278846946538175189e+01 3.166400000000000000e+05
1.002144834684193242e+00 2.244784787017439953e+02 8.135391782578733455e+01 3.188100000000000000e+05
1.008417393835248532e+00 2.235279785081542343e+02 8.040341763219757354e+01 3.236140000000000000e+05
1.014706927655060875e+00 2.225418718657011823e+02 7.941731098974452152e+01 3.281640000000000000e+05
1.020995821536768045e+00 2.216007040227997322e+02 7.847614314684307146e+01 3.322980000000000000e+05
1.027277321758624629e+00 2.217140483160560791e+02 7.858948744009941834e+01 3.352360000000000000e+05
1.033577629488106275e+00 2.201693486836770717e+02 7.704478780772041091e+01 3.423460000000000000e+05
1.039864888978200064e+00 2.193978350761072136e+02 7.627327420015055282e+01 3.426120000000000000e+05
1.046131543025751398e+00 2.193624539239999081e+02 7.623789304804324729e+01 3.478080000000000000e+05
1.052408295901959612e+00 2.176440569579737314e+02 7.451949608201707065e+01 3.527840000000000000e+05
1.058689459756216866e+00 2.178539810263685581e+02 7.472942015041189734e+01 3.560160000000000000e+05
1.064973476309879485e+00 2.161038864115400884e+02 7.297932553558342761e+01 3.617640000000000000e+05
1.071260228414355753e+00 2.165422781465716753e+02 7.341771727061501451e+01 3.652380000000000000e+05
1.077547506273993205e+00 2.158045504070143181e+02 7.267998953105765736e+01 3.698500000000000000e+05
1.083834594251098959e+00 2.152234973182632416e+02 7.209893644230658083e+01 3.744400000000000000e+05
1.090123338753580029e+00 2.132953561029267746e+02 7.017079522697011384e+01 3.779460000000000000e+05
1.096402047628067811e+00 2.138751721463477509e+02 7.075061127039109010e+01 3.828480000000000000e+05
1.102686734177269923e+00 2.127056938455142756e+02 6.958113296955761484e+01 3.870080000000000000e+05
1.108974905272321010e+00 2.120916415874747543e+02 6.896708071151809349e+01 3.918200000000000000e+05
1.115240505002667248e+00 2.110607710016698206e+02 6.793621012571315987e+01 3.936120000000000000e+05
1.121510968507875017e+00 2.102956373466756190e+02 6.717107647071895826e+01 4.007140000000000000e+05
1.127801000874616433e+00 2.095227585599750171e+02 6.639819768401835631e+01 4.057940000000000000e+05
1.134097027651290723e+00 2.093311303633765021e+02 6.620656948741984138e+01 4.099040000000000000e+05
1.140372932967484543e+00 2.090195108006161604e+02 6.589494992465949963e+01 4.124720000000000000e+05
1.146644399550673876e+00 2.079211377965139036e+02 6.479657692055724283e+01 4.185640000000000000e+05
1.152943533572619028e+00 2.068037137990301062e+02 6.367915292307344544e+01 4.250340000000000000e+05
1.159234629937837324e+00 2.073879278009115410e+02 6.426336692495488023e+01 4.270920000000000000e+05
1.165519427699577504e+00 2.064945614116151091e+02 6.337000053565844837e+01 4.331780000000000000e+05
1.171801113533186500e+00 2.054427142775966786e+02 6.231815340164001782e+01 4.360040000000000000e+05
1.178090415441370498e+00 2.051495543151642096e+02 6.202499343920754882e+01 4.439880000000000000e+05
1.184382922568056218e+00 2.047213130959393936e+02 6.159675221998273287e+01 4.453300000000000000e+05
1.190653318049772258e+00 2.047289305486021647e+02 6.160436967264550390e+01 4.508360000000000000e+05
1.196918726837574054e+00 2.028991443072001459e+02 5.977458343124348517e+01 4.537220000000000000e+05
1.203203941861949566e+00 2.024370604918589152e+02 5.931249961590225439e+01 4.634540000000000000e+05
1.209492404352916051e+00 2.024769459593690328e+02 5.935238508341237207e+01 4.638000000000000000e+05
1.215771355333522763e+00 2.016248872753295132e+02 5.850032639937285239e+01 4.715780000000000000e+05
1.222064664468862416e+00 2.015890522521805224e+02 5.846449137622386161e+01 4.760860000000000000e+05
1.228353922954420918e+00 2.008352421938607222e+02 5.771068131790406142e+01 4.800280000000000000e+05
1.234638470013954770e+00 2.003870460848885955e+02 5.726248520893193472e+01 4.861600000000000000e+05
1.240913261509356103e+00 1.995067681797902424e+02 5.638220730383358159e+01 4.877540000000000000e+05
1.247188250643475937e+00 1.991570104382715272e+02 5.603244956231486640e+01 4.961340000000000000e+05
1.253473069443996613e+00 1.994762440748324082e+02 5.635168319887574739e+01 4.994820000000000000e+05
1.259761898162141902e+00 1.979102069811098943e+02 5.478564610515323352e+01 5.065000000000000000e+05
1.266044124118156144e+00 1.974118497073908713e+02 5.428728883143421058e+01 5.091880000000000000e+05
1.272325893222376436e+00 1.974565205934166556e+02 5.433195971745999486e+01 5.154900000000000000e+05
1.278614164208257353e+00 1.969599981078008568e+02 5.383543723184419605e+01 5.212680000000000000e+05
1.284892611208029889e+00 1.972606484147628692e+02 5.413608753880620839e+01 5.238700000000000000e+05
1.291183645279231351e+00 1.964899426539006981e+02 5.336538177794403737e+01 5.336400000000000000e+05
1.297481503837926153e+00 1.958868246687826229e+02 5.276226379282596213e+01 5.355220000000000000e+05
1.303753723784867535e+00 1.958110040315620779e+02 5.268644315560541713e+01 5.391000000000000000e+05
1.310018983865986586e+00 1.940293381528906878e+02 5.090477727693402699e+01 5.455720000000000000e+05
1.316308510930670250e+00 1.946884644458023956e+02 5.156390356984573486e+01 5.530760000000000000e+05
1.322598362398576421e+00 1.939776675510248367e+02 5.085310667506817595e+01 5.564880000000000000e+05
1.328872053478450166e+00 1.940134034787392920e+02 5.088884260278263127e+01 5.606140000000000000e+05
1.335152188378053495e+00 1.930704501326764557e+02 4.994588925671979496e+01 5.684260000000000000e+05
1.341449661995184561e+00 1.933052720367716688e+02 5.018071116081500804e+01 5.746600000000000000e+05
1.347738927854007729e+00 1.924622384306181573e+02 4.933767755466149652e+01 5.770720000000000000e+05
1.354008700766087481e+00 1.926748051451459958e+02 4.955024426918933500e+01 5.822700000000000000e+05
1.360289660314967009e+00 1.911060067110723253e+02 4.798144583511566452e+01 5.901560000000000000e+05
1.366572251586567699e+00 1.913997344141620829e+02 4.827517353820542212e+01 5.928000000000000000e+05
1.372860453050388063e+00 1.907506494077412924e+02 4.762608853178463164e+01 6.027740000000000000e+05
1.379145023090685429e+00 1.903064419001230760e+02 4.718188102416641527e+01 6.026980000000000000e+05
1.385414535762269361e+00 1.905555736133941025e+02 4.743101273743744173e+01 6.111620000000000000e+05
1.391706524900663045e+00 1.905468232503409070e+02 4.742226237438424619e+01 6.180140000000000000e+05
1.397995531958892590e+00 1.898514379652728508e+02 4.672687708931618999e+01 6.215880000000000000e+05
1.404274192284941769e+00 1.892042483402035771e+02 4.607968746424691631e+01 6.277440000000000000e+05
1.410561555672766865e+00 1.886336775702046111e+02 4.550911669424795036e+01 6.335400000000000000e+05
1.416846912008939086e+00 1.884433253694585062e+02 4.531876449350184544e+01 6.397320000000000000e+05
1.423125133292065136e+00 1.880504423096902542e+02 4.492588143373359344e+01 6.426020000000000000e+05
1.429404784151020458e+00 1.877849749319468344e+02 4.466041405599017367e+01 6.518900000000000000e+05
1.435691047292837252e+00 1.876946363666923503e+02 4.457007549073568953e+01 6.552160000000000000e+05
1.441980674135391771e+00 1.872091820715532151e+02 4.408462119559655434e+01 6.637680000000000000e+05
1.448270256156670488e+00 1.867402325799305913e+02 4.361567170397393056e+01 6.676260000000000000e+05
1.454546622628224650e+00 1.866265984949584720e+02 4.350203761900181121e+01 6.716420000000000000e+05
1.460820715374602674e+00 1.861281745188192360e+02 4.300361364286257526e+01 6.794060000000000000e+05
1.467116879073512736e+00 1.860156254208274902e+02 4.289106454487082942e+01 6.874520000000000000e+05
1.473402996227505257e+00 1.850555676577141355e+02 4.193100678175747476e+01 6.894720000000000000e+05
1.479676491952220729e+00 1.854152731762688973e+02 4.229071230031223649e+01 6.966860000000000000e+05
1.485967553866846869e+00 1.849940557432224750e+02 4.186949486726581426e+01 7.043380000000000000e+05
1.492246821535899048e+00 1.848415521067186091e+02 4.171699123076194837e+01 7.067400000000000000e+05
1.498509554578234537e+00 1.838038074794026500e+02 4.067924660344598919e+01 7.122360000000000000e+05
1.504789768773060477e+00 1.841018878847200995e+02 4.097732700876343870e+01 7.226580000000000000e+05
1.511081932996167110e+00 1.833468223020281300e+02 4.022226142607146926e+01 7.268980000000000000e+05
1.517368266691215162e+00 1.834026154236613309e+02 4.027805454770467009e+01 7.332820000000000000e+05
1.523654636026075648e+00 1.833753048499561373e+02 4.025074397399947657e+01 7.396640000000000000e+05
1.529943441059384845e+00 1.831718089141504890e+02 4.004724803819382828e+01 7.455940000000000000e+05
1.536239025868725072e+00 1.830656108112033564e+02 3.994104993524669567e+01 7.536480000000000000e+05
1.542520371859912531e+00 1.824390846373443651e+02 3.931452376138770433e+01 7.545420000000000000e+05
1.548788934475642254e+00 1.817486635142076068e+02 3.862410263825094603e+01 7.626580000000000000e+05
1.555076717032853217e+00 1.813492152540649158e+02 3.822465437810825506e+01 7.721700000000000000e+05
1.561367597618051883e+00 1.814344192516523151e+02 3.830985837569565433e+01 7.751460000000000000e+05
1.567640799474913083e+00 1.814395896742065872e+02 3.831502879824992647e+01 7.806720000000000000e+05
1.573918091021587307e+00 1.811097992751424783e+02 3.798523839918581757e+01 7.887520000000000000e+05
1.580208770922777894e+00 1.810040377981492270e+02 3.787947692219256624e+01 7.962340000000000000e+05
1.586494501348699515e+00 1.798574621428137732e+02 3.673290126685711243e+01 8.007500000000000000e+05
1.592767039126987694e+00 1.798689609620611520e+02 3.674440008610449127e+01 8.048100000000000000e+05
1.599052488140243256e+00 1.800249851195473525e+02 3.690042424359069173e+01 8.176280000000000000e+05
1.605347362928585930e+00 1.798655233467884784e+02 3.674096247083181765e+01 8.192580000000000000e+05
1.611624469631112389e+00 1.790841382373557735e+02 3.595957736139911276e+01 8.265800000000000000e+05
1.617906873560414516e+00 1.794385061047952377e+02 3.631394522883857690e+01 8.332260000000000000e+05
1.624193727299755308e+00 1.789381717238688339e+02 3.581361084791217309e+01 8.401780000000000000e+05
1.630471782443348783e+00 1.789354928281922810e+02 3.581093195223562020e+01 8.448300000000000000e+05
1.636760164716084098e+00 1.788929060979890835e+02 3.576834522203242273e+01 8.551300000000000000e+05
1.643043464683600297e+00 1.777867267829687421e+02 3.466216590701208133e+01 8.575060000000000000e+05
1.649316977887778979e+00 1.781245885001478655e+02 3.500002762419120472e+01 8.644800000000000000e+05
1.655599056937107516e+00 1.781276237137674343e+02 3.500306283781077354e+01 8.738480000000000000e+05
1.661884166769115767e+00 1.778534070022501794e+02 3.472884612629351864e+01 8.783400000000000000e+05
1.668176504354522471e+00 1.779652789912827870e+02 3.484071811532612628e+01 8.889200000000000000e+05
1.674458683878514931e+00 1.768754280622590045e+02 3.375086718630234373e+01 8.893580000000000000e+05
1.680728630093367038e+00 1.767957057541033521e+02 3.367114487814669133e+01 8.981800000000000000e+05
1.687019939142594183e+00 1.767056973203743269e+02 3.358113644441766610e+01 9.095840000000000000e+05
1.693318824324689276e+00 1.759140716886130349e+02 3.278951081265637413e+01 9.136000000000000000e+05
1.699588010948696493e+00 1.765092021935508342e+02 3.338464131759417342e+01 9.141300000000000000e+05
1.705865055857039181e+00 1.757602994565932875e+02 3.263573858063662669e+01 9.300560000000000000e+05
1.712165335543606837e+00 1.763770298700326862e+02 3.325246899407602541e+01 9.342660000000000000e+05
1.718451221796237549e+00 1.750246973874380672e+02 3.190013651148140639e+01 9.398780000000000000e+05
1.724725883597690634e+00 1.756585320058188699e+02 3.253397112986220918e+01 9.443780000000000000e+05
1.731001460952539039e+00 1.746507388361054609e+02 3.152617796014880014e+01 9.535880000000000000e+05
1.737293076086154020e+00 1.752136848116079477e+02 3.208912393565128696e+01 9.640360000000000000e+05
1.743575012025098125e+00 1.746800081546124659e+02 3.155544727865580512e+01 9.634900000000000000e+05
1.749853765858601529e+00 1.744053239958352037e+02 3.128076311987854297e+01 9.778260000000000000e+05
1.756139760422475327e+00 1.744421687429193923e+02 3.131760786696273158e+01 9.793740000000000000e+05
1.762418064231706216e+00 1.742280400903737814e+02 3.110347921441712060e+01 9.891060000000000000e+05
1.768704373978918332e+00 1.743359361896626751e+02 3.121137531370601437e+01 9.968660000000000000e+05
1.774989017499519983e+00 1.737791146442057482e+02 3.065455376824908740e+01 1.001708000000000000e+06
1.781271339834514134e+00 1.738814742760260685e+02 3.075691340006940777e+01 1.011292000000000000e+06
1.787557810851539308e+00 1.732117873632344356e+02 3.008722648727777482e+01 1.016394000000000000e+06
1.793844465061326554e+00 1.733637207420269988e+02 3.023915986607033801e+01 1.026530000000000000e+06
1.800123882125254315e+00 1.725137092515409165e+02 2.938914837558425575e+01 1.028166000000000000e+06
1.806399855932671716e+00 1.728984847381092891e+02 2.977392386215262832e+01 1.039020000000000000e+06
1.812677292178102029e+00 1.728160396293506267e+02 2.969147875339396592e+01 1.044114000000000000e+06
1.818962554020154831e+00 1.724404984845941158e+02 2.931593760863745501e+01 1.055160000000000000e+06
1.825254388213496393e+00 1.719083589039481694e+02 2.878379802799150866e+01 1.061910000000000000e+06
1.831535832002544106e+00 1.720896209474560692e+02 2.896506007149940842e+01 1.065538000000000000e+06
1.837815550403961051e+00 1.718978833659406860e+02 2.877332248998402520e+01 1.075850000000000000e+06
1.844109001519104174e+00 1.720914779077949959e+02 2.896691703183833511e+01 1.085614000000000000e+06
1.850394624542057054e+00 1.715627355686602016e+02 2.843817469270354081e+01 1.087722000000000000e+06
1.856670888758223281e+00 1.715069460571995705e+02 2.838238518124290977e+01 1.096876000000000000e+06
1.862955904437998855e+00 1.713091500209738740e+02 2.818458914501721324e+01 1.105496000000000000e+06
1.869239093965251008e+00 1.715647729400982087e+02 2.844021206414154790e+01 1.111720000000000000e+06
1.875524551422873554e+00 1.708480395287820670e+02 2.772347865282540624e+01 1.121280000000000000e+06
1.881807982104247490e+00 1.709612729524508836e+02 2.783671207649422286e+01 1.125186000000000000e+06
1.888084182640285436e+00 1.706819165413852488e+02 2.755735566542858805e+01 1.134232000000000000e+06
1.894359184767357762e+00 1.702281431510193670e+02 2.710358227506270623e+01 1.139920000000000000e+06
1.900652335243679270e+00 1.699815574311734281e+02 2.685699655521676732e+01 1.156084000000000000e+06
1.906941434140952518e+00 1.699690729831962699e+02 2.684451210723960912e+01 1.153348000000000000e+06
1.913211010588978134e+00 1.701359049690720724e+02 2.701134409311541162e+01 1.163962000000000000e+06
1.919497353804973994e+00 1.697702011681746228e+02 2.664564029221796204e+01 1.175698000000000000e+06
1.925784376717101232e+00 1.693560426354304695e+02 2.623148175947380878e+01 1.178618000000000000e+06
1.932070295894139811e+00 1.695477543258460571e+02 2.642319344988939633e+01 1.191414000000000000e+06
1.938347681358776109e+00 1.693877790322058274e+02 2.626321815624916667e+01 1.190388000000000000e+06
1.944622715438230065e+00 1.690087143969483350e+02 2.588415352099167421e+01 1.205992000000000000e+06
1.950912101770938545e+00 1.688481528621024097e+02 2.572359198614574893e+01 1.212094000000000000e+06
1.957200170150135810e+00 1.687134443335347669e+02 2.558888345757810612e+01 1.220074000000000000e+06
1.963483156116985873e+00 1.686422375005475658e+02 2.551767662459090502e+01 1.226826000000000000e+06
1.969764663919415071e+00 1.684978421228821617e+02 2.537328124692550091e+01 1.234274000000000000e+06
1.976058795452903194e+00 1.682631902539225166e+02 2.513862937796585584e+01 1.248286000000000000e+06
1.982347818239277082e+00 1.685747544847924644e+02 2.545019360883580362e+01 1.247764000000000000e+06
1.988621905801704060e+00 1.682095346997195975e+02 2.508497382376293672e+01 1.258144000000000000e+06
1.994901683859673147e+00 1.676960894905462851e+02 2.457152861458962434e+01 1.266462000000000000e+06
2.001185568350352106e+00 1.680424899081886565e+02 2.491792903223199573e+01 1.274682000000000000e+06
2.007463530968069509e+00 1.675970164497024086e+02 2.447245557374574787e+01 1.281282000000000000e+06
2.013743684507833809e+00 1.675388666060322294e+02 2.441430573007556859e+01 1.290814000000000000e+06
2.020026468512655438e+00 1.675182853337021811e+02 2.439372445774552034e+01 1.298642000000000000e+06
2.026317940332479139e+00 1.673766496590981490e+02 2.425208878314148819e+01 1.310514000000000000e+06
2.032605346556254133e+00 1.671661239223181212e+02 2.404156304636146047e+01 1.313348000000000000e+06
2.038876250754864561e+00 1.672321549952293083e+02 2.410759411927264750e+01 1.320124000000000000e+06
2.045156862230546491e+00 1.670893316006393832e+02 2.396477072468272240e+01 1.333076000000000000e+06
2.051450376459333036e+00 1.668849029577673377e+02 2.376034208181067697e+01 1.342160000000000000e+06
2.057735646516794858e+00 1.668937222906841669e+02 2.376916141472750610e+01 1.346470000000000000e+06
2.064019658255301426e+00 1.664536519610097969e+02 2.332909108505313611e+01 1.357668000000000000e+06
2.070309709613492366e+00 1.668618675938415095e+02 2.373730671788484869e+01 1.365808000000000000e+06
2.076598642179291243e+00 1.660603764134248195e+02 2.293581553746815871e+01 1.373258000000000000e+06
2.082870032339927402e+00 1.662140035915234932e+02 2.308944271556683248e+01 1.375392000000000000e+06
2.089134787055322295e+00 1.660892062459957401e+02 2.296464537003907935e+01 1.386994000000000000e+06
2.095425627190938389e+00 1.662432771504817026e+02 2.311871627452504185e+01 1.402688000000000000e+06
2.101711371004562512e+00 1.656432235990384356e+02 2.251866272308177486e+01 1.402456000000000000e+06
2.107989648687532469e+00 1.659692957613206374e+02 2.284473488536397667e+01 1.415562000000000000e+06
2.114274413323816493e+00 1.658230224972358258e+02 2.269846162127916500e+01 1.423152000000000000e+06
2.120557238443375958e+00 1.659199106707160638e+02 2.279534979475940304e+01 1.430474000000000000e+06
2.126845280632974067e+00 1.654638248110739482e+02 2.233926393511728747e+01 1.442654000000000000e+06
2.133128554780450159e+00 1.655567118688303196e+02 2.243215099287365888e+01 1.446292000000000000e+06
2.139412332467919065e+00 1.652432689697968442e+02 2.211870809384018344e+01 1.458674000000000000e+06
2.145698003662099396e+00 1.654169224078185323e+02 2.229236153186187153e+01 1.465518000000000000e+06
2.151977195668531184e+00 1.650093925609274947e+02 2.188483168497083398e+01 1.471640000000000000e+06
2.158263209952423267e+00 1.649959304724412448e+02 2.187136959648458401e+01 1.486868000000000000e+06
2.164552162632372490e+00 1.645492257658884228e+02 2.142466488993176199e+01 1.490076000000000000e+06
2.170839225012531681e+00 1.648215974190275972e+02 2.169703654307093643e+01 1.502730000000000000e+06
2.177120082977427540e+00 1.647824199124789288e+02 2.165785903652226807e+01 1.505460000000000000e+06
2.183393121055990260e+00 1.645553532528212770e+02 2.143079237686461624e+01 1.515192000000000000e+06
2.189672152712972331e+00 1.642484463696223145e+02 2.112388549366565371e+01 1.527176000000000000e+06
2.195961755713628616e+00 1.640314505277605974e+02 2.090688965180393666e+01 1.536762000000000000e+06
2.202246728716700463e+00 1.641007618008159454e+02 2.097620092485928467e+01 1.542760000000000000e+06
2.208524403202436037e+00 1.640292455540862875e+02 2.090468467812962672e+01 1.550958000000000000e+06
2.214806392550185965e+00 1.639695360102710993e+02 2.084497513431443849e+01 1.562242000000000000e+06
2.221097232089587870e+00 1.634166631005939223e+02 2.029210222463726154e+01 1.573636000000000000e+06
2.227379738633999295e+00 1.635464236254447314e+02 2.042186274948807068e+01 1.575424000000000000e+06
2.233661892530534487e+00 1.635588422908173243e+02 2.043428141486066352e+01 1.591318000000000000e+06
2.239944725315571095e+00 1.636598633601914798e+02 2.053530248423481908e+01 1.593836000000000000e+06
2.246225895079906554e+00 1.632144470718871219e+02 2.008988619593046110e+01 1.608032000000000000e+06
2.252509804346050082e+00 1.634493595499848766e+02 2.032479867402821583e+01 1.613848000000000000e+06
2.258786271982848870e+00 1.632086467261566725e+02 2.008408585020001169e+01 1.621344000000000000e+06
2.265071686104545012e+00 1.633734504945752519e+02 2.024888961861859116e+01 1.636986000000000000e+06
2.271353283744287577e+00 1.632270568412057514e+02 2.010249596524909066e+01 1.637896000000000000e+06
2.277641683762936520e+00 1.629643973409594366e+02 1.983983646500277587e+01 1.657744000000000000e+06
2.283930104798850280e+00 1.630273437250033624e+02 1.990278284904670159e+01 1.657162000000000000e+06
2.290207926740317035e+00 1.630261895563163819e+02 1.990162868035972110e+01 1.669282000000000000e+06
2.296494840186173114e+00 1.628376821208894398e+02 1.971312124493277906e+01 1.681784000000000000e+06
2.302772905700670947e+00 1.626466560746687264e+02 1.952209519871206567e+01 1.681712000000000000e+06
2.309052374557129195e+00 1.625873449864302529e+02 1.946278411047359214e+01 1.701460000000000000e+06
2.315343134461879337e+00 1.626739720572518308e+02 1.954941118129517008e+01 1.706278000000000000e+06
2.321633141999085659e+00 1.625060741374932718e+02 1.938151326153661103e+01 1.719040000000000000e+06
2.327916355392010139e+00 1.624468005589435506e+02 1.932223968298688987e+01 1.722426000000000000e+06
2.334190722001127316e+00 1.622834583203780596e+02 1.915889744442139886e+01 1.731242000000000000e+06
2.340473130334892460e+00 1.622702566174616834e+02 1.914569574150502262e+01 1.746678000000000000e+06
2.346761369860457247e+00 1.622770314528641507e+02 1.915247057690748989e+01 1.752724000000000000e+06
2.353047769056515470e+00 1.620901040982252255e+02 1.896554322226856470e+01 1.764314000000000000e+06
2.359330397319757022e+00 1.621637244253359142e+02 1.903916354937925348e+01 1.770156000000000000e+06
2.365605034054369060e+00 1.619397043402748295e+02 1.881514346431816875e+01 1.777436000000000000e+06
2.371891455909768354e+00 1.617937817182134665e+02 1.866922084225680578e+01 1.797104000000000000e+06
2.378179546072414663e+00 1.618598402673157182e+02 1.873527939135905740e+01 1.796398000000000000e+06
2.384457586600779333e+00 1.618897686579010724e+02 1.876520778194441164e+01 1.810884000000000000e+06
2.390743123140302018e+00 1.615248110902013252e+02 1.840025021424466445e+01 1.819896000000000000e+06
2.397020324856477647e+00 1.615517483100798870e+02 1.842718743412322624e+01 1.824020000000000000e+06
2.403297352078177518e+00 1.615482539491979139e+02 1.842369307324125316e+01 1.840406000000000000e+06
