# # k, P(k),P(k)-shotnoise, Nmodes
8.899641224696953554e-03 6.371580861877703865e+04 6.366263532147109800e+04 2.600000000000000000e+01
1.507912216506558135e-02 7.702320989568199730e+04 7.697003659837605665e+04 6.600000000000000000e+01
2.144790186456837014e-02 7.262192888307487010e+04 7.256875558576892945e+04 1.580000000000000000e+02
2.792609073416789378e-02 6.496293666739707987e+04 6.490976337009113922e+04 2.400000000000000000e+02
3.439458802618463457e-02 5.327903889038498892e+04 5.322586559307904827e+04 4.040000000000000000e+02
4.063552503253392567e-02 4.471575984999463981e+04 4.466258655268869916e+04 4.920000000000000000e+02
4.685273545737825979e-02 4.070825145167445589e+04 4.065507815436851524e+04 7.160000000000000000e+02
5.308225101765943338e-02 3.640482393216043420e+04 3.635165063485449355e+04 8.660000000000000000e+02
5.947086026992840641e-02 3.694302118325138872e+04 3.688984788594544807e+04 1.176000000000000000e+03
6.579000890571343185e-02 3.463342930971388705e+04 3.458025601240794640e+04 1.358000000000000000e+03
7.197688940286899040e-02 3.056305350412442203e+04 3.050988020681847775e+04 1.620000000000000000e+03
7.827860915688306109e-02 2.967573311354615362e+04 2.962255981624020933e+04 1.970000000000000000e+03
8.473402853143152669e-02 2.560157646601156739e+04 2.554840316870562310e+04 2.388000000000000000e+03
9.114995057719250948e-02 2.435520275954606768e+04 2.430202946224012339e+04 2.642000000000000000e+03
9.733441570868076043e-02 2.230643421675526770e+04 2.225326091944932341e+04 2.948000000000000000e+03
1.034823507189909925e-01 2.194402017278511266e+04 2.189084687547916838e+04 3.312000000000000000e+03
1.097621497737264751e-01 2.014846505010765031e+04 2.009529175280170602e+04 3.920000000000000000e+03
1.161502569114246236e-01 1.903819946484445245e+04 1.898502616753850816e+04 4.368000000000000000e+03
1.224511299792719610e-01 1.885283541227539172e+04 1.879966211496944743e+04 4.706000000000000000e+03
1.287146397216415161e-01 1.748408532006237510e+04 1.743091202275643082e+04 5.312000000000000000e+03
1.349787624209431713e-01 1.754353806026427264e+04 1.749036476295832836e+04 5.712000000000000000e+03
1.412227094847550990e-01 1.630616835588589129e+04 1.625299505857994882e+04 6.380000000000000000e+03
1.475340300674937433e-01 1.582693759509174197e+04 1.577376429778579950e+04 6.966000000000000000e+03
1.538209950420127425e-01 1.538969255948720638e+04 1.533651926218126391e+04 7.448000000000000000e+03
1.600939799861342827e-01 1.454748575058783899e+04 1.449431245328189652e+04 8.252000000000000000e+03
1.664990542498203663e-01 1.442736700139383356e+04 1.437419370408789109e+04 9.032000000000000000e+03
1.728174132941030505e-01 1.413239672331238216e+04 1.407922342600643969e+04 9.454000000000000000e+03
1.789853057753862942e-01 1.380816498584102737e+04 1.375499168853508490e+04 9.842000000000000000e+03
1.852733873177464519e-01 1.333468985526150027e+04 1.328151655795555780e+04 1.128200000000000000e+04
1.915389716053957636e-01 1.323114290913256082e+04 1.317796961182661835e+04 1.131800000000000000e+04
1.978093968968032412e-01 1.259830864049170486e+04 1.254513534318576239e+04 1.268400000000000000e+04
2.041363739541903199e-01 1.261739923821603588e+04 1.256422594091009341e+04 1.328000000000000000e+04
2.104329801156032687e-01 1.218682718089048831e+04 1.213365388358454584e+04 1.408200000000000000e+04
2.167445339963977868e-01 1.193791537386879099e+04 1.188474207656284852e+04 1.513400000000000000e+04
2.230182219099299812e-01 1.139851756312668476e+04 1.134534426582074229e+04 1.561200000000000000e+04
2.292666160073620063e-01 1.149758447797470762e+04 1.144441118066876516e+04 1.673000000000000000e+04
2.355414553524693422e-01 1.124446181321289441e+04 1.119128851590695194e+04 1.765200000000000000e+04
2.418784335992887613e-01 1.112584670700657080e+04 1.107267340970062833e+04 1.889000000000000000e+04
2.481481271052154158e-01 1.066730098680333322e+04 1.061412768949739075e+04 1.929800000000000000e+04
2.543650879168818379e-01 1.065696143587976803e+04 1.060378813857382556e+04 2.047000000000000000e+04
2.606536864982170187e-01 1.059925269813015257e+04 1.054607940082421010e+04 2.174800000000000000e+04
2.669516384221341521e-01 1.042035481333718781e+04 1.036718151603124534e+04 2.269000000000000000e+04
2.732605699623428253e-01 1.018910573698659209e+04 1.013593243968064962e+04 2.392000000000000000e+04
2.796050098145749785e-01 1.014181654089355470e+04 1.008864324358761223e+04 2.524600000000000000e+04
2.858914879318384394e-01 1.007761216371769660e+04 1.002443886641175413e+04 2.568400000000000000e+04
2.920995948224677785e-01 9.998754095292311831e+03 9.945580797986369362e+03 2.681600000000000000e+04
2.983507476243664192e-01 9.765662256908757627e+03 9.712488959602815157e+03 2.844000000000000000e+04
3.046505408519667446e-01 9.768130489073546414e+03 9.714957191767603945e+03 2.953800000000000000e+04
3.109471038444538982e-01 9.426297824413635681e+03 9.373124527107693211e+03 3.094400000000000000e+04
3.172476750734718465e-01 9.642901289938046830e+03 9.589727992632104360e+03 3.198000000000000000e+04
3.235400448401911655e-01 9.378495266758756770e+03 9.325321969452814301e+03 3.352600000000000000e+04
3.298240459879566155e-01 9.327166166870058078e+03 9.273992869564115608e+03 3.446400000000000000e+04
3.361484519828671913e-01 9.177036436187345316e+03 9.123863138881402847e+03 3.651400000000000000e+04
3.424245328606954630e-01 9.156566027230412146e+03 9.103392729924469677e+03 3.675800000000000000e+04
3.486779824429606656e-01 9.018168291818545185e+03 8.964994994512602716e+03 3.881000000000000000e+04
3.549863988041813134e-01 8.977802195623004081e+03 8.924628898317061612e+03 4.041000000000000000e+04
3.612333738091870750e-01 8.986628488882855891e+03 8.933455191576913421e+03 4.071400000000000000e+04
3.675042092955584372e-01 8.865331545685119636e+03 8.812158248379177166e+03 4.367000000000000000e+04
3.737994570270907757e-01 8.848153555257284097e+03 8.794980257951341628e+03 4.398600000000000000e+04
3.800864636623462745e-01 8.781103846302963575e+03 8.727930548997021106e+03 4.642800000000000000e+04
3.863718149601460539e-01 8.843258835252017889e+03 8.790085537946075419e+03 4.723600000000000000e+04
3.926652062093009543e-01 8.595797482327861871e+03 8.542624185021919402e+03 4.938600000000000000e+04
3.989690954083237040e-01 8.555422464141305682e+03 8.502249166835363212e+03 5.079600000000000000e+04
4.052314429539636831e-01 8.624688888082766425e+03 8.571515590776823956e+03 5.174000000000000000e+04
4.115238727386639761e-01 8.514857427931699931e+03 8.461684130625757462e+03 5.460200000000000000e+04
4.178033403078543762e-01 8.404292388772890263e+03 8.351119091466947793e+03 5.484400000000000000e+04
4.240515472996450597e-01 8.406297385347950694e+03 8.353124088042008225e+03 5.723200000000000000e+04
4.303677505012359350e-01 8.383838130707259552e+03 8.330664833401317082e+03 5.964800000000000000e+04
4.366726307806358953e-01 8.350191019028490700e+03 8.297017721722548231e+03 6.038400000000000000e+04
4.429228297480427012e-01 8.335655735932976313e+03 8.282482438627033844e+03 6.217000000000000000e+04
4.491736915552866916e-01 8.198154751584426776e+03 8.144981454278483398e+03 6.383200000000000000e+04
4.554569188183393291e-01 8.206667292015983548e+03 8.153493994710040170e+03 6.627200000000000000e+04
4.617788911268420060e-01 8.133240146605117843e+03 8.080066849299174464e+03 6.860400000000000000e+04
4.680995906845802912e-01 8.066815060635513873e+03 8.013641763329570495e+03 6.982400000000000000e+04
4.743866829976556287e-01 8.099092627533070299e+03 8.045919330227126920e+03 7.159800000000000000e+04
4.806701266904181979e-01 8.031123812047771935e+03 7.977950514741828556e+03 7.363400000000000000e+04
4.869464029839004060e-01 8.048949161391117741e+03 7.995775864085174362e+03 7.514600000000000000e+04
4.932051255392171929e-01 7.958227068578069520e+03 7.905053771272126141e+03 7.732800000000000000e+04
4.994696626648479909e-01 7.906909295106935133e+03 7.853735997800991754e+03 7.884800000000000000e+04
5.057193073175597631e-01 7.814724186217921670e+03 7.761550888911978291e+03 8.116400000000000000e+04
5.119989495044070527e-01 7.868050528432781903e+03 7.814877231126838524e+03 8.364400000000000000e+04
5.183159826466314790e-01 7.794559638920518410e+03 7.741386341614575031e+03 8.615600000000000000e+04
5.246107092885408107e-01 7.779103521110546353e+03 7.725930223804602974e+03 8.741000000000000000e+04
5.308819677746196009e-01 7.796286952799518076e+03 7.743113655493574697e+03 8.933800000000000000e+04
5.371663275127862569e-01 7.767986241008667093e+03 7.714812943702723715e+03 9.246200000000000000e+04
5.434900758720350167e-01 7.716597320307930204e+03 7.663424023001986825e+03 9.450400000000000000e+04
5.497699542502575420e-01 7.697900153237825180e+03 7.644726855931881801e+03 9.565800000000000000e+04
5.560083363989032357e-01 7.703362079421095586e+03 7.650188782115152208e+03 9.759800000000000000e+04
5.623114537777685884e-01 7.704935265505286225e+03 7.651761968199342846e+03 1.019620000000000000e+05
5.686318313430648308e-01 7.619938323330214189e+03 7.566765026024270810e+03 1.029860000000000000e+05
5.748997298340194906e-01 7.618690221829411712e+03 7.565516924523468333e+03 1.044280000000000000e+05
5.811784316152807106e-01 7.635721177626768622e+03 7.582547880320825243e+03 1.082760000000000000e+05
5.874623501555152894e-01 7.557005790034271740e+03 7.503832492728328361e+03 1.091300000000000000e+05
5.937358705487374433e-01 7.507899656789053552e+03 7.454726359483110173e+03 1.124920000000000000e+05
6.000132321575981642e-01 7.548430594603069039e+03 7.495257297297125660e+03 1.142380000000000000e+05
6.062764279011477742e-01 7.486179698309470041e+03 7.433006401003526662e+03 1.165200000000000000e+05
6.125579126729602253e-01 7.405430822886518399e+03 7.352257525580575020e+03 1.198680000000000000e+05
6.188758883571132685e-01 7.405188270450948949e+03 7.352014973145005570e+03 1.227600000000000000e+05
6.251574688191492424e-01 7.433326173320442649e+03 7.380152876014499270e+03 1.235740000000000000e+05
6.314078328527679140e-01 7.381275287484703767e+03 7.328101990178760389e+03 1.265060000000000000e+05
6.377090179731219610e-01 7.382021867421200113e+03 7.328848570115256734e+03 1.303720000000000000e+05
6.440064460832264359e-01 7.347455245931003446e+03 7.294281948625060068e+03 1.318120000000000000e+05
6.502830651582106603e-01 7.331219710297350503e+03 7.278046412991407124e+03 1.344920000000000000e+05
6.565805265356863263e-01 7.331331034459193688e+03 7.278157737153250309e+03 1.379620000000000000e+05
6.628599596871522781e-01 7.351941666284380517e+03 7.298768368978437138e+03 1.390120000000000000e+05
6.691298853551562731e-01 7.304740447095107811e+03 7.251567149789164432e+03 1.425480000000000000e+05
6.754222718254296876e-01 7.248763992162010254e+03 7.195590694856066875e+03 1.458880000000000000e+05
6.816939054591842906e-01 7.229299872161774147e+03 7.176126574855830768e+03 1.465620000000000000e+05
6.879709791718701117e-01 7.229859302409967313e+03 7.176686005104023934e+03 1.517500000000000000e+05
6.942614105711022443e-01 7.205972021001793109e+03 7.152798723695849731e+03 1.526260000000000000e+05
7.005365424756659909e-01 7.201119021928886468e+03 7.147945724622943089e+03 1.565860000000000000e+05
7.068233029523925959e-01 7.161466977637714081e+03 7.108293680331770702e+03 1.590780000000000000e+05
7.131225830129004351e-01 7.159512311373322518e+03 7.106339014067379139e+03 1.622900000000000000e+05
7.194106404935602939e-01 7.149518539737629908e+03 7.096345242431686529e+03 1.647700000000000000e+05
7.256916467573152341e-01 7.140457905255384503e+03 7.087284607949441124e+03 1.674660000000000000e+05
7.319862263035085137e-01 7.121983809366284731e+03 7.068810512060341352e+03 1.713680000000000000e+05
7.382778109483263407e-01 7.091051412200681625e+03 7.037878114894738246e+03 1.730960000000000000e+05
7.445474719729404667e-01 7.087096702105078293e+03 7.033923404799134914e+03 1.760120000000000000e+05
7.508031991267573035e-01 7.123449213903625605e+03 7.070275916597682226e+03 1.785720000000000000e+05
7.570835243855718044e-01 7.102328258852257022e+03 7.049154961546313643e+03 1.828740000000000000e+05
7.633725915964089115e-01 7.057094825797141311e+03 7.003921528491197932e+03 1.855560000000000000e+05
7.696559165320593365e-01 7.028646906443479565e+03 6.975473609137536187e+03 1.883800000000000000e+05
7.759472068200509165e-01 7.021694286729679334e+03 6.968520989423735955e+03 1.923620000000000000e+05
7.822420857509159164e-01 7.006401889088415373e+03 6.953228591782471995e+03 1.948920000000000000e+05
7.885501419914293653e-01 7.004429837841129483e+03 6.951256540535186105e+03 1.992240000000000000e+05
7.948038474963337041e-01 6.938797791233732823e+03 6.885624493927789445e+03 1.980620000000000000e+05
8.010520907109800470e-01 6.944174226377312152e+03 6.891000929071368773e+03 2.048760000000000000e+05
8.073556460726576400e-01 6.971069217320265125e+03 6.917895920014321746e+03 2.082080000000000000e+05
8.136472652876408640e-01 6.928662807769854226e+03 6.875489510463910847e+03 2.106380000000000000e+05
8.199328051877485812e-01 6.982874332624642193e+03 6.929701035318698814e+03 2.141460000000000000e+05
8.262092250684122119e-01 6.881474697266067778e+03 6.828301399960124400e+03 2.167700000000000000e+05
8.325052758042271739e-01 6.893985737361913380e+03 6.840812440055970001e+03 2.218980000000000000e+05
8.388116654351844836e-01 6.889645471017390264e+03 6.836472173711446885e+03 2.244000000000000000e+05
8.450849103364239667e-01 6.897473509093119901e+03 6.844300211787176522e+03 2.263060000000000000e+05
8.513462727474617742e-01 6.853623803550841330e+03 6.800450506244897952e+03 2.298240000000000000e+05
8.576284146508676987e-01 6.859425080233105291e+03 6.806251782927161912e+03 2.351900000000000000e+05
8.639203271423162578e-01 6.862917906608114208e+03 6.809744609302170829e+03 2.369960000000000000e+05
8.702001278720664645e-01 6.819904684456927498e+03 6.766731387150984119e+03 2.415680000000000000e+05
8.764772930847268828e-01 6.817511866937502418e+03 6.764338569631559039e+03 2.433340000000000000e+05
8.827715178895144676e-01 6.829773237996220814e+03 6.776599940690277435e+03 2.500580000000000000e+05
8.890536686845070813e-01 6.795640271651413059e+03 6.742466974345469680e+03 2.498260000000000000e+05
8.953222746762443673e-01 6.819952096096893911e+03 6.766778798790950532e+03 2.554020000000000000e+05
9.016064535102598088e-01 6.778951751932070692e+03 6.725778454626127314e+03 2.588880000000000000e+05
9.078934899700541461e-01 6.764288583364430451e+03 6.711115286058487072e+03 2.622400000000000000e+05
9.141879395382898066e-01 6.761140461321554540e+03 6.707967164015611161e+03 2.673220000000000000e+05
9.204870069999977478e-01 6.774413964985523307e+03 6.721240667679579929e+03 2.697820000000000000e+05
9.267634485314798498e-01 6.725572695319155173e+03 6.672399398013211794e+03 2.725480000000000000e+05
9.330398908859652840e-01 6.699062031248057792e+03 6.645888733942114413e+03 2.775220000000000000e+05
9.393419790538620751e-01 6.713493674065034611e+03 6.660320376759091232e+03 2.819920000000000000e+05
9.456138811139273015e-01 6.691525390776619133e+03 6.638352093470675754e+03 2.827100000000000000e+05
9.518752143586322045e-01 6.684441151651862128e+03 6.631267854345918749e+03 2.881620000000000000e+05
9.581565932480536896e-01 6.638552950879859054e+03 6.585379653573915675e+03 2.922500000000000000e+05
9.644556692432024736e-01 6.633194571098877532e+03 6.580021273792934153e+03 2.976780000000000000e+05
9.707473583964632002e-01 6.667476911537311025e+03 6.614303614231367646e+03 2.990500000000000000e+05
9.770167227541187716e-01 6.637748087674717681e+03 6.584574790368774302e+03 3.035940000000000000e+05
9.832935359933105968e-01 6.643312195325023822e+03 6.590138898019080443e+03 3.072180000000000000e+05
9.895688562506220753e-01 6.629385523193747758e+03 6.576212225887804379e+03 3.115520000000000000e+05
9.958591531227547478e-01 6.581100020238275647e+03 6.527926722932332268e+03 3.166400000000000000e+05
1.002144834684193242e+00 6.601198741782334764e+03 6.548025444476391385e+03 3.188100000000000000e+05
1.008417393835248532e+00 6.598723258894498940e+03 6.545549961588555561e+03 3.236140000000000000e+05
1.014706927655060875e+00 6.573032057427129985e+03 6.519858760121186606e+03 3.281640000000000000e+05
1.020995821536768045e+00 6.548832947883423003e+03 6.495659650577479624e+03 3.322980000000000000e+05
1.027277321758624629e+00 6.542401212854753794e+03 6.489227915548810415e+03 3.352360000000000000e+05
1.033577629488106275e+00 6.535512919388715090e+03 6.482339622082771712e+03 3.423460000000000000e+05
1.039864888978200064e+00 6.529342991006596094e+03 6.476169693700652715e+03 3.426120000000000000e+05
1.046131543025751398e+00 6.543220505080039402e+03 6.490047207774096023e+03 3.478080000000000000e+05
1.052408295901959612e+00 6.477195681242945284e+03 6.424022383937001905e+03 3.527840000000000000e+05
1.058689459756216866e+00 6.471419109172188655e+03 6.418245811866245276e+03 3.560160000000000000e+05
1.064973476309879485e+00 6.488604488496390331e+03 6.435431191190446953e+03 3.617640000000000000e+05
1.071260228414355753e+00 6.462659485007539843e+03 6.409486187701596464e+03 3.652380000000000000e+05
1.077547506273993205e+00 6.467464253580607874e+03 6.414290956274664495e+03 3.698500000000000000e+05
1.083834594251098959e+00 6.457945405476349151e+03 6.404772108170405772e+03 3.744400000000000000e+05
1.090123338753580029e+00 6.434095465900319141e+03 6.380922168594375762e+03 3.779460000000000000e+05
1.096402047628067811e+00 6.420245742144006726e+03 6.367072444838063348e+03 3.828480000000000000e+05
1.102686734177269923e+00 6.429666314952664834e+03 6.376493017646721455e+03 3.870080000000000000e+05
1.108974905272321010e+00 6.369468686646173410e+03 6.316295389340230031e+03 3.918200000000000000e+05
1.115240505002667248e+00 6.395248558873882757e+03 6.342075261567939378e+03 3.936120000000000000e+05
1.121510968507875017e+00 6.368946240497605686e+03 6.315772943191662307e+03 4.007140000000000000e+05
1.127801000874616433e+00 6.370979322232966297e+03 6.317806024927022918e+03 4.057940000000000000e+05
1.134097027651290723e+00 6.338519387198620279e+03 6.285346089892676900e+03 4.099040000000000000e+05
1.140372932967484543e+00 6.351549313947950395e+03 6.298376016642007016e+03 4.124720000000000000e+05
1.146644399550673876e+00 6.326038453942103843e+03 6.272865156636160464e+03 4.185640000000000000e+05
1.152943533572619028e+00 6.315104290599571868e+03 6.261930993293628489e+03 4.250340000000000000e+05
1.159234629937837324e+00 6.298421005535214135e+03 6.245247708229270756e+03 4.270920000000000000e+05
1.165519427699577504e+00 6.319924646480193587e+03 6.266751349174250208e+03 4.331780000000000000e+05
1.171801113533186500e+00 6.266925011797343359e+03 6.213751714491399980e+03 4.360040000000000000e+05
1.178090415441370498e+00 6.287125718780908755e+03 6.233952421474965377e+03 4.439880000000000000e+05
1.184382922568056218e+00 6.239268177790250775e+03 6.186094880484307396e+03 4.453300000000000000e+05
1.190653318049772258e+00 6.250404138523165784e+03 6.197230841217222405e+03 4.508360000000000000e+05
1.196918726837574054e+00 6.240438540279148583e+03 6.187265242973205204e+03 4.537220000000000000e+05
1.203203941861949566e+00 6.217773791688699021e+03 6.164600494382755642e+03 4.634540000000000000e+05
1.209492404352916051e+00 6.195566937771674020e+03 6.142393640465730641e+03 4.638000000000000000e+05
1.215771355333522763e+00 6.195547874138227598e+03 6.142374576832284220e+03 4.715780000000000000e+05
1.222064664468862416e+00 6.201342644020862281e+03 6.148169346714918902e+03 4.760860000000000000e+05
1.228353922954420918e+00 6.174139241223982026e+03 6.120965943918038647e+03 4.800280000000000000e+05
1.234638470013954770e+00 6.172987028016184013e+03 6.119813730710240634e+03 4.861600000000000000e+05
1.240913261509356103e+00 6.150487796326144235e+03 6.097314499020200856e+03 4.877540000000000000e+05
1.247188250643475937e+00 6.131827600621978490e+03 6.078654303316035111e+03 4.961340000000000000e+05
1.253473069443996613e+00 6.120605630709223078e+03 6.067432333403279699e+03 4.994820000000000000e+05
1.259761898162141902e+00 6.102976811017411819e+03 6.049803513711468440e+03 5.065000000000000000e+05
1.266044124118156144e+00 6.116708898192564448e+03 6.063535600886621069e+03 5.091880000000000000e+05
1.272325893222376436e+00 6.108636969657970440e+03 6.055463672352027061e+03 5.154900000000000000e+05
1.278614164208257353e+00 6.092138201422574639e+03 6.038964904116631260e+03 5.212680000000000000e+05
1.284892611208029889e+00 6.061807858356129145e+03 6.008634561050185766e+03 5.238700000000000000e+05
1.291183645279231351e+00 6.067876860489281171e+03 6.014703563183337792e+03 5.336400000000000000e+05
1.297481503837926153e+00 6.048550986124301744e+03 5.995377688818358365e+03 5.355220000000000000e+05
1.303753723784867535e+00 6.050260462440100127e+03 5.997087165134156749e+03 5.391000000000000000e+05
1.310018983865986586e+00 6.059742949192279411e+03 6.006569651886336032e+03 5.455720000000000000e+05
1.316308510930670250e+00 6.033942690595366912e+03 5.980769393289423533e+03 5.530760000000000000e+05
1.322598362398576421e+00 6.024194240253696080e+03 5.971020942947752701e+03 5.564880000000000000e+05
1.328872053478450166e+00 6.001518103591208273e+03 5.948344806285264895e+03 5.606140000000000000e+05
1.335152188378053495e+00 5.992206313874464286e+03 5.939033016568520907e+03 5.684260000000000000e+05
1.341449661995184561e+00 5.971603327894800714e+03 5.918430030588857335e+03 5.746600000000000000e+05
1.347738927854007729e+00 5.966942233310600386e+03 5.913768936004657007e+03 5.770720000000000000e+05
1.354008700766087481e+00 5.969388982397702421e+03 5.916215685091759042e+03 5.822700000000000000e+05
1.360289660314967009e+00 5.961726867597898490e+03 5.908553570291955111e+03 5.901560000000000000e+05
1.366572251586567699e+00 5.932365530682776807e+03 5.879192233376833428e+03 5.928000000000000000e+05
1.372860453050388063e+00 5.934368794648076801e+03 5.881195497342133422e+03 6.027740000000000000e+05
1.379145023090685429e+00 5.928354606019060157e+03 5.875181308713116778e+03 6.026980000000000000e+05
1.385414535762269361e+00 5.911521985185118865e+03 5.858348687879175486e+03 6.111620000000000000e+05
1.391706524900663045e+00 5.891413555858004656e+03 5.838240258552061277e+03 6.180140000000000000e+05
1.397995531958892590e+00 5.877909810984899195e+03 5.824736513678955816e+03 6.215880000000000000e+05
1.404274192284941769e+00 5.883542039450305310e+03 5.830368742144361931e+03 6.277440000000000000e+05
1.410561555672766865e+00 5.849767594191353055e+03 5.796594296885409676e+03 6.335400000000000000e+05
1.416846912008939086e+00 5.859431623991872584e+03 5.806258326685929205e+03 6.397320000000000000e+05
1.423125133292065136e+00 5.837420913455670416e+03 5.784247616149727037e+03 6.426020000000000000e+05
1.429404784151020458e+00 5.823642500198045127e+03 5.770469202892101748e+03 6.518900000000000000e+05
1.435691047292837252e+00 5.831808157641559774e+03 5.778634860335616395e+03 6.552160000000000000e+05
1.441980674135391771e+00 5.829020309952825301e+03 5.775847012646881922e+03 6.637680000000000000e+05
1.448270256156670488e+00 5.807012832378518397e+03 5.753839535072575018e+03 6.676260000000000000e+05
1.454546622628224650e+00 5.799151143042231524e+03 5.745977845736288145e+03 6.716420000000000000e+05
1.460820715374602674e+00 5.773055052540960787e+03 5.719881755235017408e+03 6.794060000000000000e+05
1.467116879073512736e+00 5.782653302101835834e+03 5.729480004795892455e+03 6.874520000000000000e+05
1.473402996227505257e+00 5.766815141516210133e+03 5.713641844210266754e+03 6.894720000000000000e+05
1.479676491952220729e+00 5.747898051622828461e+03 5.694724754316885083e+03 6.966860000000000000e+05
1.485967553866846869e+00 5.729760767973292786e+03 5.676587470667349407e+03 7.043380000000000000e+05
1.492246821535899048e+00 5.736506084936039770e+03 5.683332787630096391e+03 7.067400000000000000e+05
1.498509554578234537e+00 5.719024688518842595e+03 5.665851391212899216e+03 7.122360000000000000e+05
1.504789768773060477e+00 5.705804863330975422e+03 5.652631566025032043e+03 7.226580000000000000e+05
1.511081932996167110e+00 5.698953116022890754e+03 5.645779818716947375e+03 7.268980000000000000e+05
1.517368266691215162e+00 5.670662983631950738e+03 5.617489686326007359e+03 7.332820000000000000e+05
1.523654636026075648e+00 5.661412506973630116e+03 5.608239209667686737e+03 7.396640000000000000e+05
1.529943441059384845e+00 5.664861370717609134e+03 5.611688073411665755e+03 7.455940000000000000e+05
1.536239025868725072e+00 5.645808022337000693e+03 5.592634725031057314e+03 7.536480000000000000e+05
1.542520371859912531e+00 5.637845658780211124e+03 5.584672361474267746e+03 7.545420000000000000e+05
1.548788934475642254e+00 5.619902760647670220e+03 5.566729463341726841e+03 7.626580000000000000e+05
1.555076717032853217e+00 5.615710323055885965e+03 5.562537025749942586e+03 7.721700000000000000e+05
1.561367597618051883e+00 5.604626545080958749e+03 5.551453247775015370e+03 7.751460000000000000e+05
1.567640799474913083e+00 5.598380035461252191e+03 5.545206738155308813e+03 7.806720000000000000e+05
1.573918091021587307e+00 5.592176409551255347e+03 5.539003112245311968e+03 7.887520000000000000e+05
1.580208770922777894e+00 5.576613015551055469e+03 5.523439718245112090e+03 7.962340000000000000e+05
1.586494501348699515e+00 5.555290960299766084e+03 5.502117662993822705e+03 8.007500000000000000e+05
1.592767039126987694e+00 5.551228832349685945e+03 5.498055535043742566e+03 8.048100000000000000e+05
1.599052488140243256e+00 5.570601186360276188e+03 5.517427889054332809e+03 8.176280000000000000e+05
1.605347362928585930e+00 5.517516298402561006e+03 5.464343001096617627e+03 8.192580000000000000e+05
1.611624469631112389e+00 5.523021726588521233e+03 5.469848429282577854e+03 8.265800000000000000e+05
1.617906873560414516e+00 5.520696836266858554e+03 5.467523538960915175e+03 8.332260000000000000e+05
1.624193727299755308e+00 5.499475567369574492e+03 5.446302270063631113e+03 8.401780000000000000e+05
1.630471782443348783e+00 5.505403514289580926e+03 5.452230216983637547e+03 8.448300000000000000e+05
1.636760164716084098e+00 5.483299369409321116e+03 5.430126072103377737e+03 8.551300000000000000e+05
1.643043464683600297e+00 5.469078138394147572e+03 5.415904841088204194e+03 8.575060000000000000e+05
1.649316977887778979e+00 5.451943217786615605e+03 5.398769920480672226e+03 8.644800000000000000e+05
1.655599056937107516e+00 5.437206787400370558e+03 5.384033490094427179e+03 8.738480000000000000e+05
1.661884166769115767e+00 5.421989137943943206e+03 5.368815840637999827e+03 8.783400000000000000e+05
1.668176504354522471e+00 5.427724478487272791e+03 5.374551181181329412e+03 8.889200000000000000e+05
1.674458683878514931e+00 5.408443540493462024e+03 5.355270243187518645e+03 8.893580000000000000e+05
1.680728630093367038e+00 5.412876331498640866e+03 5.359703034192697487e+03 8.981800000000000000e+05
1.687019939142594183e+00 5.385694275096311685e+03 5.332520977790368306e+03 9.095840000000000000e+05
1.693318824324689276e+00 5.369663527703401087e+03 5.316490230397457708e+03 9.136000000000000000e+05
1.699588010948696493e+00 5.361694174164273136e+03 5.308520876858329757e+03 9.141300000000000000e+05
1.705865055857039181e+00 5.352929838788461893e+03 5.299756541482518514e+03 9.300560000000000000e+05
1.712165335543606837e+00 5.363852588213296258e+03 5.310679290907352879e+03 9.342660000000000000e+05
1.718451221796237549e+00 5.338476482340902294e+03 5.285303185034958915e+03 9.398780000000000000e+05
1.724725883597690634e+00 5.310496586323339216e+03 5.257323289017395837e+03 9.443780000000000000e+05
1.731001460952539039e+00 5.306120911830582372e+03 5.252947614524638993e+03 9.535880000000000000e+05
1.737293076086154020e+00 5.314249953391812596e+03 5.261076656085869217e+03 9.640360000000000000e+05
1.743575012025098125e+00 5.287449592707504962e+03 5.234276295401561583e+03 9.634900000000000000e+05
1.749853765858601529e+00 5.276836411407525702e+03 5.223663114101582323e+03 9.778260000000000000e+05
1.756139760422475327e+00 5.267869899277931836e+03 5.214696601971988457e+03 9.793740000000000000e+05
1.762418064231706216e+00 5.248372767029053648e+03 5.195199469723110269e+03 9.891060000000000000e+05
1.768704373978918332e+00 5.244754792569892743e+03 5.191581495263949364e+03 9.968660000000000000e+05
1.774989017499519983e+00 5.209090060408022509e+03 5.155916763102079130e+03 1.001708000000000000e+06
1.781271339834514134e+00 5.231582503109411846e+03 5.178409205803468467e+03 1.011292000000000000e+06
1.787557810851539308e+00 5.208723831773467282e+03 5.155550534467523903e+03 1.016394000000000000e+06
1.793844465061326554e+00 5.197458025778081719e+03 5.144284728472138340e+03 1.026530000000000000e+06
1.800123882125254315e+00 5.181027187608267923e+03 5.127853890302324544e+03 1.028166000000000000e+06
1.806399855932671716e+00 5.173124621106451741e+03 5.119951323800508362e+03 1.039020000000000000e+06
1.812677292178102029e+00 5.154247429725995062e+03 5.101074132420051683e+03 1.044114000000000000e+06
1.818962554020154831e+00 5.144536094344289268e+03 5.091362797038345889e+03 1.055160000000000000e+06
1.825254388213496393e+00 5.127864590057135501e+03 5.074691292751192123e+03 1.061910000000000000e+06
1.831535832002544106e+00 5.128152529585000593e+03 5.074979232279057214e+03 1.065538000000000000e+06
1.837815550403961051e+00 5.117065746593202675e+03 5.063892449287259296e+03 1.075850000000000000e+06
1.844109001519104174e+00 5.112355626967386343e+03 5.059182329661442964e+03 1.085614000000000000e+06
1.850394624542057054e+00 5.098971047299772181e+03 5.045797749993828802e+03 1.087722000000000000e+06
1.856670888758223281e+00 5.092868284009657145e+03 5.039694986703713766e+03 1.096876000000000000e+06
1.862955904437998855e+00 5.078827405858902239e+03 5.025654108552958860e+03 1.105496000000000000e+06
1.869239093965251008e+00 5.061690325034610396e+03 5.008517027728667017e+03 1.111720000000000000e+06
1.875524551422873554e+00 5.049014534459193783e+03 4.995841237153250404e+03 1.121280000000000000e+06
1.881807982104247490e+00 5.045325799225148330e+03 4.992152501919204951e+03 1.125186000000000000e+06
1.888084182640285436e+00 5.027795247737329191e+03 4.974621950431385812e+03 1.134232000000000000e+06
1.894359184767357762e+00 5.008898701573906692e+03 4.955725404267963313e+03 1.139920000000000000e+06
1.900652335243679270e+00 5.006938343838107357e+03 4.953765046532163979e+03 1.156084000000000000e+06
1.906941434140952518e+00 4.998848488873408314e+03 4.945675191567464935e+03 1.153348000000000000e+06
1.913211010588978134e+00 4.997724161907794041e+03 4.944550864601850662e+03 1.163962000000000000e+06
1.919497353804973994e+00 4.971525364123905092e+03 4.918352066817961713e+03 1.175698000000000000e+06
1.925784376717101232e+00 4.946357281560022784e+03 4.893183984254079405e+03 1.178618000000000000e+06
1.932070295894139811e+00 4.948539479307557485e+03 4.895366182001614106e+03 1.191414000000000000e+06
1.938347681358776109e+00 4.938508202439797060e+03 4.885334905133853681e+03 1.190388000000000000e+06
1.944622715438230065e+00 4.935690773060113315e+03 4.882517475754169936e+03 1.205992000000000000e+06
1.950912101770938545e+00 4.916927083479144130e+03 4.863753786173200751e+03 1.212094000000000000e+06
1.957200170150135810e+00 4.902170684585248637e+03 4.848997387279305258e+03 1.220074000000000000e+06
1.963483156116985873e+00 4.889718146399150100e+03 4.836544849093206722e+03 1.226826000000000000e+06
1.969764663919415071e+00 4.875140006093541160e+03 4.821966708787597781e+03 1.234274000000000000e+06
1.976058795452903194e+00 4.867626487066610025e+03 4.814453189760666646e+03 1.248286000000000000e+06
1.982347818239277082e+00 4.850223713432595105e+03 4.797050416126651726e+03 1.247764000000000000e+06
1.988621905801704060e+00 4.843012258844642020e+03 4.789838961538698641e+03 1.258144000000000000e+06
1.994901683859673147e+00 4.835595297493106955e+03 4.782422000187163576e+03 1.266462000000000000e+06
2.001185568350352106e+00 4.836069599555989953e+03 4.782896302250046574e+03 1.274682000000000000e+06
2.007463530968069509e+00 4.819538810335449853e+03 4.766365513029506474e+03 1.281282000000000000e+06
2.013743684507833809e+00 4.796406178509948404e+03 4.743232881204005025e+03 1.290814000000000000e+06
2.020026468512655438e+00 4.785463011613615890e+03 4.732289714307672511e+03 1.298642000000000000e+06
2.026317940332479139e+00 4.779203933372231404e+03 4.726030636066288025e+03 1.310514000000000000e+06
2.032605346556254133e+00 4.771870971538700360e+03 4.718697674232756981e+03 1.313348000000000000e+06
2.038876250754864561e+00 4.758019799865690402e+03 4.704846502559747023e+03 1.320124000000000000e+06
2.045156862230546491e+00 4.754027370466747016e+03 4.700854073160803637e+03 1.333076000000000000e+06
2.051450376459333036e+00 4.755113807542323229e+03 4.701940510236379851e+03 1.342160000000000000e+06
2.057735646516794858e+00 4.719696107678109001e+03 4.666522810372165623e+03 1.346470000000000000e+06
2.064019658255301426e+00 4.718430206933932823e+03 4.665256909627989444e+03 1.357668000000000000e+06
2.070309709613492366e+00 4.711140486111195969e+03 4.657967188805252590e+03 1.365808000000000000e+06
2.076598642179291243e+00 4.688685175109968441e+03 4.635511877804025062e+03 1.373258000000000000e+06
2.082870032339927402e+00 4.689797575171191966e+03 4.636624277865248587e+03 1.375392000000000000e+06
2.089134787055322295e+00 4.666653169296209853e+03 4.613479871990266474e+03 1.386994000000000000e+06
2.095425627190938389e+00 4.656512335891855400e+03 4.603339038585912022e+03 1.402688000000000000e+06
2.101711371004562512e+00 4.654725912060434894e+03 4.601552614754491515e+03 1.402456000000000000e+06
2.107989648687532469e+00 4.642499708150666265e+03 4.589326410844722886e+03 1.415562000000000000e+06
2.114274413323816493e+00 4.621715710676004164e+03 4.568542413370060785e+03 1.423152000000000000e+06
2.120557238443375958e+00 4.610803661858690248e+03 4.557630364552746869e+03 1.430474000000000000e+06
2.126845280632974067e+00 4.604359560035477443e+03 4.551186262729534064e+03 1.442654000000000000e+06
2.133128554780450159e+00 4.595097395201965810e+03 4.541924097896022431e+03 1.446292000000000000e+06
2.139412332467919065e+00 4.576966690757946708e+03 4.523793393452003329e+03 1.458674000000000000e+06
2.145698003662099396e+00 4.563836204694581284e+03 4.510662907388637905e+03 1.465518000000000000e+06
2.151977195668531184e+00 4.562992434707171924e+03 4.509819137401228545e+03 1.471640000000000000e+06
2.158263209952423267e+00 4.551047697045442874e+03 4.497874399739499495e+03 1.486868000000000000e+06
2.164552162632372490e+00 4.537742871562684741e+03 4.484569574256741362e+03 1.490076000000000000e+06
2.170839225012531681e+00 4.525875035557017327e+03 4.472701738251073948e+03 1.502730000000000000e+06
2.177120082977427540e+00 4.512705313404836488e+03 4.459532016098893109e+03 1.505460000000000000e+06
2.183393121055990260e+00 4.500342526414540771e+03 4.447169229108597392e+03 1.515192000000000000e+06
2.189672152712972331e+00 4.496468520223469568e+03 4.443295222917526189e+03 1.527176000000000000e+06
2.195961755713628616e+00 4.484193134510074742e+03 4.431019837204131363e+03 1.536762000000000000e+06
2.202246728716700463e+00 4.466734586751109418e+03 4.413561289445166040e+03 1.542760000000000000e+06
2.208524403202436037e+00 4.461977704854312833e+03 4.408804407548369454e+03 1.550958000000000000e+06
2.214806392550185965e+00 4.453173364576803579e+03 4.400000067270860200e+03 1.562242000000000000e+06
2.221097232089587870e+00 4.441369656896006745e+03 4.388196359590063366e+03 1.573636000000000000e+06
2.227379738633999295e+00 4.422983375131138928e+03 4.369810077825195549e+03 1.575424000000000000e+06
2.233661892530534487e+00 4.415259342298100819e+03 4.362086044992157440e+03 1.591318000000000000e+06
2.239944725315571095e+00 4.412758397396057262e+03 4.359585100090113883e+03 1.593836000000000000e+06
2.246225895079906554e+00 4.388917166424635980e+03 4.335743869118692601e+03 1.608032000000000000e+06
2.252509804346050082e+00 4.388924696707854309e+03 4.335751399401910930e+03 1.613848000000000000e+06
2.258786271982848870e+00 4.362489412499685386e+03 4.309316115193742007e+03 1.621344000000000000e+06
2.265071686104545012e+00 4.353788050119357649e+03 4.300614752813414270e+03 1.636986000000000000e+06
2.271353283744287577e+00 4.340722929777015452e+03 4.287549632471072073e+03 1.637896000000000000e+06
2.277641683762936520e+00 4.340105700457474995e+03 4.286932403151531616e+03 1.657744000000000000e+06
2.283930104798850280e+00 4.327435609289556851e+03 4.274262311983613472e+03 1.657162000000000000e+06
2.290207926740317035e+00 4.320299406757711949e+03 4.267126109451768571e+03 1.669282000000000000e+06
2.296494840186173114e+00 4.302812881155870855e+03 4.249639583849927476e+03 1.681784000000000000e+06
2.302772905700670947e+00 4.285774617019787911e+03 4.232601319713844532e+03 1.681712000000000000e+06
2.309052374557129195e+00 4.275883137976810758e+03 4.222709840670867379e+03 1.701460000000000000e+06
2.315343134461879337e+00 4.272591428209469996e+03 4.219418130903526617e+03 1.706278000000000000e+06
2.321633141999085659e+00 4.270183017803330586e+03 4.217009720497387207e+03 1.719040000000000000e+06
2.327916355392010139e+00 4.242258578888351622e+03 4.189085281582408243e+03 1.722426000000000000e+06
2.334190722001127316e+00 4.241116745987106697e+03 4.187943448681163318e+03 1.731242000000000000e+06
2.340473130334892460e+00 4.224438798216255236e+03 4.171265500910311857e+03 1.746678000000000000e+06
2.346761369860457247e+00 4.206047488593015260e+03 4.152874191287071881e+03 1.752724000000000000e+06
2.353047769056515470e+00 4.203386267026080532e+03 4.150212969720137153e+03 1.764314000000000000e+06
2.359330397319757022e+00 4.193051683681478607e+03 4.139878386375535229e+03 1.770156000000000000e+06
2.365605034054369060e+00 4.180623119523073001e+03 4.127449822217129622e+03 1.777436000000000000e+06
2.371891455909768354e+00 4.182735979435670743e+03 4.129562682129727364e+03 1.797104000000000000e+06
2.378179546072414663e+00 4.168425419122828316e+03 4.115252121816884937e+03 1.796398000000000000e+06
2.384457586600779333e+00 4.153328878822257138e+03 4.100155581516313759e+03 1.810884000000000000e+06
2.390743123140302018e+00 4.142881346235700221e+03 4.089708048929757297e+03 1.819896000000000000e+06
2.397020324856477647e+00 4.140611756830990998e+03 4.087438459525048074e+03 1.824020000000000000e+06
2.403297352078177518e+00 4.123398003858953416e+03 4.070224706553010492e+03 1.840406000000000000e+06
